13
14 
15
16
16
17
17
18
20
21
22
23
25
25
28
29
29
39
41
43
43
44
45
46
46
51
56
57
57
57
59
60
60
62
66
67
68
68
70
70
71
71
74
75
76
78
78
79
83
85
89
89
89
95
96
99
100
101
104
106
117
118
132
134
138
142
143
144
146
166
167
167
167
169
170
171
173
178
179
180
181
184
191
194
194
195
195
195
196
196
201
201
204
205
205
206
206
207
208
209
210
211
212
213
215
215
215
216
216
216
216
216
218
218
219
220
221
221
223
224
224
224
228
229
230 
232
233
235
236
236
236
240
240
242
242
246
247
247
249
251
252
260
261
264
270
272
