       date    value nearest_val_nextyear nearest_val_prevyear
1  2009-02-14 6.511781                    0                    0
2  2009-12-23 5.389843                    0                    0
3  2011-08-01 4.378759                    0                    0
4  2014-04-07 2.785300                    0                    0
5  2008-08-12 6.124931                    0                    0
6  2014-03-10 4.955066                    0                    0
7  2014-07-23 4.983810                    0                    0
8  2012-04-14 5.943836                    0                    0
9  2012-01-13 5.821221                    0                    0
10 2007-06-30 5.593901                    0                    0
11 2008-08-24 5.918977                    0                    0
12 2008-05-30 5.782136                    0                    0
13 2012-06-30 5.074565                    0                    0
14 2010-01-27 3.010648                    0                    0
15 2013-02-27 5.619826                    0                    0
16 2010-12-25 4.943871                    0                    0
17 2012-09-27 4.844204                    0                    0
18 2014-12-08 3.529248                    0                    0
19 2010-01-15 4.521850                    0                    0
20 2013-03-21 5.417942                    0                    0