#data downloaded from http://stats.nba.com/leaders/alltime/#!?SeasonType=Regular%20Season&StatCategory=MIN 5/17/15
#TS = true shooting percentage, adjusts for 3PA and FT
Player	GP	MIN	PTS	FGM	FGA	FG%	3PM	3PA	3P%	FTM	FTA	FT%	OREB	DREB	REB	AST	STL	BLK	TOV	eFG%	TS%
Wilt Chamberlain	1,045	45.8	30.1	12.1	22.5	54.0	-	-	-	5.8	11.4	51.1	-	-	22.9	4.4	-	-	-	54.0	54.7
Bill Russell	963	42.3	15.1	5.9	13.4	44.0	-	-	-	3.3	5.8	56.1	-	-	22.5	4.3	-	-	-	44.0	47.1
Oscar Robertson	1,040	42.2	25.7	9.1	18.9	48.5	-	-	-	7.4	8.8	83.8	1.0	3.0	7.5	9.5	1.1	0.1	-	48.5	56.4
Allen Iverson	914	41.1	26.7	9.3	21.8	42.5	1.2	3.7	31.3	7.0	8.9	78.0	0.8	2.9	3.7	6.2	2.2	0.2	3.6	45.2	51.8
Elgin Baylor	846	40.0	27.4	10.3	23.8	43.1	-	-	-	6.8	8.7	78.0	-	-	13.5	4.3	-	-	-	43.1	49.4
LeBron James	911	39.3	27.3	9.8	19.8	49.6	1.4	4.0	34.2	6.3	8.5	74.5	1.2	6.0	7.1	6.9	1.7	0.8	3.4	53.1	58.1
Jerry West	932	39.2	27.0	9.7	20.4	47.4	-	-	-	7.7	9.4	81.4	1.0	2.8	5.8	6.7	2.6	0.7	-	47.4	55.0
Jerry Lucas	829	38.8	17.0	6.9	13.8	49.9	-	-	-	3.2	4.1	78.3	0.8	4.3	15.6	3.3	0.4	0.3	-	49.9	54.4
Bob Pettit	792	38.8	26.4	9.3	21.3	43.6	-	-	-	7.8	10.3	76.1	-	-	16.2	3.0	-	-	-	43.6	51.1
Latrell Sprewell	913	38.6	18.3	6.7	15.7	42.5	1.2	3.6	33.7	3.8	4.7	80.4	0.8	3.2	4.1	4.0	1.4	0.4	2.7	46.4	51.6
Dave Cowens	766	38.6	17.6	7.5	16.3	46.0	0.0	0.0	7.1	2.6	3.4	78.3	3.0	9.8	13.6	3.8	1.1	0.9	2.2	46.0	49.6
Paul Arizin	713	38.4	22.8	7.9	18.7	42.1	-	-	-	7.0	8.7	81.0	-	-	8.6	2.3	-	-	-	42.1	50.6
Larry Bird	897	38.4	24.3	9.6	19.3	49.6	0.7	1.9	37.6	4.4	5.0	88.6	2.0	8.0	10.0	6.3	1.7	0.8	3.1	51.4	56.5
Elvin Hayes	1,303	38.4	21.0	8.4	18.6	45.2	0.0	0.0	14.7	4.1	6.1	67.0	3.1	7.8	12.5	1.8	1.0	2.0	2.4	45.2	49.1
Michael Jordan	1,072	38.3	30.1	11.4	22.9	49.7	0.5	1.7	32.7	6.8	8.2	83.5	1.6	4.7	6.2	5.3	2.3	0.8	2.7	50.9	56.9
Kevin Durant	569	38.0	27.3	9.2	19.1	48.1	1.7	4.4	37.9	7.3	8.3	88.1	0.8	6.1	6.9	3.5	1.2	1.0	3.2	52.5	60.1
Mel Hutchins	437	37.9	11.1	4.4	11.4	38.9	-	-	-	2.3	3.4	67.3	-	-	9.6	3.0	-	-	-	38.9	43.2
Stephon Marbury	846	37.7	19.3	6.8	15.7	43.3	1.2	3.6	32.5	4.5	5.7	78.4	0.7	2.3	3.0	7.6	1.2	0.1	3.0	47.0	52.8
Geoff Petrie	446	37.6	21.8	8.9	19.5	45.5	-	-	-	4.0	5.0	80.5	0.6	2.0	2.8	4.6	1.1	0.1	-	45.5	50.2
Steve Francis	576	37.6	18.1	6.2	14.4	42.9	1.0	2.9	34.1	4.8	6.1	79.7	1.7	3.9	5.6	6.0	1.5	0.4	3.5	46.3	53.3
Walt Frazier	825	37.5	18.9	7.4	15.2	49.0	0.0	0.0	0.0	4.0	5.1	78.6	1.1	4.2	5.9	6.1	1.9	0.2	2.1	49.0	54.2
Walt Bellamy	1,043	37.3	20.1	7.6	14.7	51.6	-	-	-	4.9	7.8	63.2	3.4	6.2	13.7	2.4	0.7	0.6	-	51.6	55.4
Jamal Mashburn	611	37.3	19.1	7.0	16.7	41.8	1.3	3.6	34.5	3.8	5.0	76.6	1.1	4.2	5.4	4.0	1.0	0.2	2.6	45.6	50.4
Nate Thurmond	964	37.2	15.0	5.7	13.6	42.1	-	-	-	3.5	5.3	66.7	2.8	6.8	15.0	2.7	0.5	2.1	-	42.1	47.0
Karl Malone	1,476	37.2	25.0	9.2	17.8	51.6	0.1	0.2	27.4	6.6	8.9	74.2	2.4	7.7	10.1	3.6	1.4	0.8	3.1	51.8	57.7
Chris Webber	831	37.1	20.7	8.7	18.1	47.9	0.3	1.1	29.9	3.0	4.7	64.9	2.7	7.0	9.8	4.2	1.4	1.4	2.8	48.7	51.3
Cuttino Mobley	747	37.0	16.0	5.8	13.4	43.3	1.5	3.8	37.8	3.0	3.6	83.5	0.7	3.2	3.9	2.7	1.2	0.4	2.0	48.7	53.6
Pete Maravich	658	37.0	24.2	9.4	21.3	44.1	0.0	0.0	66.7	5.4	6.6	82.0	1.0	3.3	4.2	5.4	1.4	0.3	3.7	44.1	50.0
Glenn Robinson	688	36.8	20.7	8.1	17.6	45.9	0.9	2.6	34.0	3.6	4.4	82.0	1.5	4.6	6.1	2.7	1.2	0.6	3.1	48.5	52.9
Kareem Abdul-Jabbar	1,560	36.8	24.6	10.2	18.1	55.9	0.0	0.0	5.6	4.3	6.0	72.1	2.4	7.6	11.2	3.6	0.9	2.6	2.7	55.9	59.2
Magic Johnson	906	36.7	19.5	6.9	13.2	52.0	0.4	1.2	30.3	5.5	6.5	84.8	1.8	5.5	7.2	11.2	1.9	0.4	3.9	53.3	61.0
Charles Barkley	1,073	36.7	22.1	7.9	14.5	54.1	0.5	1.9	26.6	5.9	8.1	73.5	4.0	7.7	11.7	3.9	1.5	0.8	3.1	55.8	61.2
John Havlicek	1,270	36.6	20.8	8.3	18.8	43.9	-	-	-	4.2	5.2	81.5	1.5	3.5	6.3	4.8	1.2	0.3	2.5	43.9	49.2
Brad Daugherty	548	36.5	19.0	7.0	13.1	53.2	0.0	0.0	14.3	5.0	6.7	74.7	2.2	7.3	9.5	3.7	0.8	0.7	2.8	53.2	59.0
Kobe Bryant	1,280	36.5	25.4	8.8	19.6	45.1	1.3	4.0	33.4	6.4	7.6	83.7	1.1	4.2	5.3	4.8	1.5	0.5	3.0	48.5	55.3
Carmelo Anthony	830	36.5	25.2	9.0	19.7	45.5	1.1	3.2	34.5	6.2	7.6	81.1	1.9	4.6	6.6	3.1	1.1	0.5	2.9	48.3	54.6
Wes Unseld	984	36.4	10.8	4.4	8.7	50.9	0.0	0.0	50.0	1.9	3.0	63.3	3.5	8.4	14.0	3.9	1.1	0.6	1.9	50.9	53.7
Dave Bing	901	36.4	20.3	7.7	17.5	44.1	-	-	-	4.9	6.3	77.5	1.1	1.9	3.8	6.0	1.3	0.2	2.7	44.1	50.2
Larry Johnson	707	36.3	16.2	6.2	12.9	48.4	0.5	1.6	33.2	3.2	4.2	76.6	2.5	5.0	7.5	3.3	0.7	0.4	2.0	50.5	55.1
Rick Barry	794	36.3	23.2	9.1	20.4	44.9	0.1	0.3	33.0	4.8	5.3	90.0	0.9	4.3	6.5	5.1	2.0	0.5	2.5	45.1	51.0
Isiah Thomas	979	36.3	19.2	7.3	16.2	45.2	0.4	1.4	29.0	4.1	5.4	75.9	1.0	2.6	3.6	9.3	1.9	0.3	3.8	46.5	51.6
Dwyane Wade	781	36.2	24.1	8.7	17.7	49.0	0.5	1.7	28.9	6.2	8.1	76.5	1.3	3.6	4.9	5.9	1.7	0.9	3.4	50.4	56.6
Joe Johnson	1,062	36.2	17.3	6.6	14.9	44.3	1.6	4.3	37.1	2.4	3.0	80.0	0.9	3.2	4.1	4.2	0.9	0.2	2.0	49.7	53.0
Chris Paul	699	36.2	18.7	6.6	13.9	47.4	1.1	2.9	36.4	4.4	5.2	86.1	0.7	3.7	4.4	9.9	2.3	0.1	2.4	51.3	57.8
Andre Iguodala	835	36.1	14.0	5.0	10.8	46.1	0.9	2.8	33.3	3.1	4.3	71.7	1.0	4.5	5.5	4.7	1.7	0.5	2.2	50.5	55.1
Jason Kidd	1,391	36.0	12.6	4.5	11.2	40.0	1.4	4.1	34.9	2.2	2.8	78.5	1.3	5.0	6.3	8.7	1.9	0.3	2.9	46.4	50.7
John Wall	345	36.0	17.6	6.4	14.8	43.1	0.6	2.1	30.5	4.2	5.4	78.9	0.6	3.8	4.4	8.7	1.6	0.6	3.7	45.2	51.4
Chris Bosh	840	35.9	19.3	7.0	14.1	49.5	0.3	0.8	32.6	5.1	6.3	79.9	2.2	6.3	8.6	2.0	0.8	1.1	2.1	50.5	57.1
Slater Martin	745	35.9	9.8	3.5	9.7	36.4	-	-	-	2.8	3.7	76.2	-	-	3.4	4.2	-	-	-	36.4	43.6
Rudy Gay	653	35.9	18.5	7.0	15.5	45.1	1.0	3.0	34.3	3.5	4.4	79.4	1.5	4.3	5.8	2.3	1.3	0.8	2.5	48.4	53.0
Monta Ellis	678	35.8	19.3	7.4	16.4	45.4	0.9	2.8	31.4	3.6	4.6	77.3	0.7	2.9	3.5	4.8	1.7	0.3	2.8	48.1	52.5
Jojo White	837	35.8	17.2	7.4	16.6	44.4	0.0	0.0	16.7	2.5	3.0	83.4	0.9	2.7	4.0	4.9	1.3	0.2	2.4	44.4	48.1
Adrian Dantley	955	35.8	24.3	8.6	15.8	54.0	0.0	0.0	17.1	7.2	8.7	81.8	2.3	3.4	5.7	3.0	1.0	0.2	2.9	54.0	61.7
Hakeem Olajuwon	1,238	35.7	21.8	8.7	17.0	51.2	0.0	0.1	20.2	4.4	6.2	71.2	3.3	7.8	11.1	2.5	1.7	3.1	3.0	51.3	55.3
Ed Macauley	641	35.7	17.5	5.8	13.4	43.6	-	-	-	5.9	7.7	76.1	-	-	7.5	3.2	-	-	-	43.6	52.2
Dave DeBusschere	875	35.7	16.1	6.5	15.1	43.2	-	-	-	3.0	4.3	69.9	1.9	8.8	11.0	2.9	0.9	0.5	-	43.2	47.2
Ray Allen	1,300	35.6	18.9	6.6	14.6	45.2	2.3	5.7	40.0	3.4	3.8	89.4	0.9	3.1	4.1	3.4	1.1	0.2	2.1	53.0	58.0
Derrick Rose	340	35.6	20.4	7.8	17.3	45.2	0.9	3.0	30.4	3.8	4.7	81.5	0.9	2.8	3.7	6.5	0.8	0.4	3.0	47.8	52.6
Dwight Howard	809	35.6	18.1	6.5	11.2	57.9	0.0	0.1	10.4	5.2	9.1	57.3	3.5	9.2	12.7	1.5	1.0	2.1	3.1	58.0	59.8
Luol Deng	749	35.6	15.8	6.1	13.3	45.8	0.7	2.0	33.3	3.0	3.9	77.2	1.7	4.5	6.2	2.4	1.0	0.5	1.8	48.4	52.8
Nate Archibald	876	35.6	18.8	6.7	14.4	46.7	0.0	0.1	22.4	5.3	6.6	81.0	0.5	1.6	2.3	7.4	1.1	0.1	2.7	46.8	54.3
Blake Griffin	375	35.5	21.5	8.3	15.9	52.3	0.1	0.4	26.3	4.7	7.2	65.6	2.6	7.0	9.7	4.0	1.0	0.6	2.5	52.6	56.3
Pau Gasol	983	35.5	18.3	7.0	13.6	51.3	0.1	0.2	27.8	4.3	5.7	75.3	2.7	6.7	9.4	3.2	0.5	1.7	2.3	51.5	56.8
Paul Pierce	1,250	35.5	20.7	6.8	15.2	44.7	1.6	4.4	37.1	5.5	6.8	80.6	0.9	5.0	5.8	3.7	1.4	0.6	2.8	50.1	57.0
Willis Reed	650	35.5	18.7	7.5	15.7	47.6	-	-	-	3.8	5.1	74.7	2.5	4.9	12.9	1.8	0.6	1.1	-	47.6	52.3
Dominique Wilkins	1,074	35.5	24.8	9.3	20.1	46.1	0.7	2.1	31.9	5.6	6.9	81.1	2.7	3.9	6.7	2.5	1.3	0.6	2.5	47.8	53.6
Dirk Nowitzki	1,265	35.5	22.2	7.8	16.5	47.5	1.2	3.3	38.3	5.3	6.1	87.9	1.1	6.9	7.9	2.6	0.9	0.9	1.8	51.3	58.1
Norm Nixon	768	35.5	15.7	6.8	14.1	48.3	0.1	0.4	29.4	2.0	2.6	77.2	0.6	2.0	2.6	8.3	1.5	0.1	3.1	48.8	51.7
Brandon Roy	326	35.5	18.8	6.8	14.9	45.9	1.0	2.8	34.8	4.2	5.2	80.0	1.1	3.2	4.3	4.7	1.0	0.2	1.8	49.2	54.8
Hal Greer	1,122	35.5	19.2	7.6	16.8	45.2	-	-	-	4.1	5.1	80.1	-	-	5.0	4.0	-	-	-	45.2	50.6
Neil Johnston	516	35.5	19.4	6.4	14.4	44.4	-	-	-	6.6	8.6	76.8	-	-	11.3	2.5	-	-	-	44.4	53.4
LaMarcus Aldridge	648	35.5	19.4	7.9	16.3	48.5	0.1	0.3	27.6	3.5	4.4	79.6	2.7	5.7	8.4	1.9	0.8	1.0	1.6	48.8	53.2
Jim Pollard	438	35.4	13.2	5.2	14.6	36.0	-	-	-	2.7	3.5	75.0	-	-	7.8	3.2	-	-	-	36.0	40.8
Lenny Wilkens	1,077	35.3	16.5	5.7	13.3	43.2	-	-	-	5.0	6.5	77.4	0.8	2.0	4.7	6.7	1.3	0.2	-	43.2	51.1
Tim Hardaway	867	35.3	17.7	6.5	15.1	43.1	1.8	5.0	35.5	2.9	3.8	78.2	0.6	2.7	3.3	8.2	1.6	0.1	2.9	49.0	53.0
Antoine Walker	893	35.3	17.5	6.8	16.5	41.4	1.6	4.8	32.5	2.3	3.7	63.3	2.1	5.6	7.7	3.5	1.2	0.5	2.8	46.1	48.4
Gary Payton	1,335	35.3	16.3	6.5	14.0	46.6	0.8	2.7	31.7	2.4	3.4	72.9	1.0	2.9	3.9	6.7	1.8	0.2	2.3	49.6	52.8
Bob Cousy	924	35.3	18.4	6.7	17.8	37.5	-	-	-	5.0	6.2	80.3	-	-	5.2	7.5	-	-	-	37.5	44.6
Bob Dandridge	839	35.2	18.5	7.7	15.9	48.4	0.0	0.0	16.7	3.1	4.0	78.0	1.7	4.4	6.8	3.4	1.3	0.6	2.7	48.4	52.4
Mitch Richmond	976	35.2	21.0	7.5	16.4	45.5	1.4	3.5	38.8	4.7	5.5	85.0	0.9	3.0	3.9	3.5	1.2	0.3	2.6	49.7	55.7
Norm Van Lier	746	35.1	11.8	4.4	10.7	41.4	-	-	-	2.9	3.7	78.0	1.3	3.0	4.8	7.0	1.8	0.2	2.1	41.4	47.6
Deron Williams	716	35.1	17.0	6.0	13.4	44.7	1.4	3.9	35.8	3.6	4.5	81.9	0.4	2.7	3.2	8.5	1.1	0.3	3.0	49.9	55.4
Gilbert Arenas	552	35.0	20.7	6.7	16.0	42.1	2.0	5.6	35.1	5.2	6.5	80.3	0.8	3.1	3.9	5.3	1.6	0.2	3.2	48.2	54.7
Kevin Garnett	1,424	35.0	18.2	7.3	14.8	49.7	0.1	0.4	27.6	3.4	4.3	79.0	2.2	7.9	10.2	3.8	1.3	1.4	2.2	50.1	54.6
Stephen Curry	416	35.0	20.9	7.5	15.9	47.1	2.9	6.5	44.0	3.1	3.5	90.0	0.7	3.5	4.1	6.9	1.7	0.2	3.2	56.1	60.2
Glen Rice	1,000	35.0	18.3	6.8	14.9	45.6	1.6	3.9	40.0	3.2	3.8	84.6	0.9	3.4	4.4	2.1	1.0	0.3	1.7	50.8	55.4
Mookie Blaylock	889	34.9	13.5	5.3	12.9	40.9	1.4	4.3	33.6	1.4	1.9	73.6	1.1	3.0	4.1	6.7	2.3	0.3	2.3	46.5	48.8
Scottie Pippen	1,178	34.9	16.1	6.3	13.3	47.3	0.8	2.5	32.6	2.7	3.8	70.4	1.8	4.6	6.4	5.2	2.0	0.8	2.8	50.4	53.6
Shareef Abdur-Rahim	830	34.8	18.1	6.5	13.9	47.2	0.2	0.6	29.7	4.8	6.0	81.0	2.3	5.3	7.5	2.5	1.0	0.8	2.6	47.9	54.9
Antawn Jamison	1,083	34.8	18.5	7.1	15.7	45.1	1.1	3.1	34.6	3.3	4.5	72.4	2.4	5.2	7.5	1.6	1.0	0.4	1.6	48.5	52.3
Shaquille O'Neal	1,207	34.7	23.7	9.4	16.1	58.2	0.0	0.0	4.5	4.9	9.3	52.7	3.5	7.4	10.9	2.5	0.6	2.3	2.7	58.2	58.6
David Robinson	987	34.7	21.1	7.5	14.4	51.8	0.0	0.1	25.0	6.1	8.3	73.6	3.1	7.5	10.6	2.5	1.4	3.0	2.4	51.9	58.3
Anthony Mason	882	34.7	10.9	4.1	8.0	50.9	0.0	0.0	16.7	2.8	4.0	70.9	2.2	6.1	8.3	3.4	0.7	0.3	1.8	51.0	56.3
Gus Johnson	581	34.7	17.1	7.1	16.1	44.0	-	-	-	2.9	4.2	69.9	-	-	12.7	2.7	-	-	-	44.0	47.6
Clyde Drexler	1,086	34.6	20.4	7.7	16.3	47.2	0.8	2.4	31.8	4.3	5.5	78.8	2.4	3.7	6.1	5.6	2.0	0.7	2.7	49.5	54.7
Connie Hawkins	499	34.5	16.5	6.0	12.9	46.7	-	-	-	4.4	5.6	78.5	1.7	4.5	8.0	4.1	1.2	0.8	-	46.7	53.5
Joe Dumars	1,018	34.5	16.1	5.9	12.8	46.0	1.0	2.5	38.2	3.4	4.0	84.3	0.7	1.5	2.2	4.5	0.9	0.1	2.0	49.8	55.4
Dick Van Arsdale	921	34.5	16.4	5.9	12.7	46.4	-	-	-	4.6	5.8	79.0	0.7	1.7	4.1	3.3	0.9	0.2	-	46.4	53.7
Shawn Marion	1,163	34.5	15.2	6.3	12.9	48.4	0.7	2.1	33.1	2.0	2.5	81.0	2.3	6.3	8.7	1.9	1.5	1.1	1.5	51.0	54.2
Michael Finley	1,103	34.4	15.7	6.1	13.7	44.4	1.3	3.5	37.5	2.2	2.7	81.1	1.0	3.3	4.4	2.9	0.9	0.3	1.5	49.2	52.7
Tim Duncan	1,331	34.4	19.5	7.6	14.9	50.6	0.0	0.1	18.1	4.4	6.3	69.6	2.8	8.2	11.0	3.1	0.7	2.2	2.5	50.7	55.1
Charlie Scott	560	34.4	17.9	7.3	16.5	44.4	0.0	0.0	18.2	3.2	4.2	77.2	1.0	2.6	3.6	4.8	1.3	0.3	2.9	44.4	48.7
Dolph Schayes	996	34.4	18.5	5.9	15.5	38.0	-	-	-	6.7	7.9	84.9	-	-	12.1	3.1	-	-	-	38.0	48.8
George Mikan	439	34.4	23.1	8.1	20.0	40.4	-	-	-	7.0	8.9	78.2	-	-	13.4	2.8	-	-	-	40.4	48.3
Eddie Jones	954	34.4	14.8	5.2	11.8	43.7	1.6	4.3	37.3	2.9	3.6	80.9	0.8	3.2	4.0	2.9	1.7	0.6	1.6	50.5	55.4
Patrick Ewing	1,183	34.3	21.0	8.2	16.3	50.4	0.0	0.1	15.2	4.6	6.2	74.0	2.3	7.5	9.8	1.9	1.0	2.4	3.0	50.5	55.3
Julius Erving	836	34.3	22.0	8.7	17.1	50.7	0.1	0.2	26.1	4.6	5.9	77.7	2.5	4.2	6.7	3.9	1.8	1.5	3.1	50.9	55.8
Marques Johnson	691	34.3	20.1	8.3	16.0	51.8	0.0	0.1	15.2	3.5	4.7	73.9	2.6	4.3	7.0	3.6	1.3	0.8	2.4	51.9	55.6
Reggie Miller	1,389	34.3	18.2	5.9	12.6	47.1	1.8	4.7	39.5	4.5	5.1	88.8	0.6	2.4	3.0	3.0	1.1	0.2	1.7	54.4	61.4
Billy Cunningham	654	34.3	20.8	7.8	17.5	44.6	-	-	-	5.2	7.2	72.0	1.6	7.1	10.1	4.0	1.1	0.5	-	44.6	50.3
Baron Davis	835	34.2	16.1	5.9	14.3	40.9	1.6	5.0	32.0	2.8	3.9	71.1	0.9	2.9	3.8	7.2	1.8	0.4	2.8	46.5	50.2
Jason Richardson	857	34.1	17.1	6.5	14.8	43.8	1.9	5.1	37.0	2.2	3.2	70.7	1.2	3.7	5.0	2.7	1.2	0.4	1.8	50.2	52.8
Jerry Sloan	755	34.1	14.0	5.5	12.8	42.7	-	-	-	3.1	4.3	72.2	2.1	4.8	7.4	2.5	2.2	0.2	-	42.7	47.7
Kevin Johnson	735	34.1	17.9	6.1	12.5	49.3	0.2	0.7	30.5	5.4	6.4	84.1	0.7	2.6	3.3	9.1	1.5	0.2	3.1	50.1	58.5
Eric Gordon	372	34.1	16.8	5.7	13.1	43.7	1.8	4.7	38.3	3.6	4.4	80.9	0.5	2.1	2.6	3.4	1.1	0.3	2.3	50.5	55.9
Russell Westbrook	507	34.0	21.1	7.4	17.2	43.2	0.8	2.6	30.4	5.5	6.7	81.9	1.6	3.6	5.2	7.1	1.7	0.3	3.6	45.5	52.5
Mike Bibby	1,001	33.9	14.7	5.4	12.4	43.6	1.5	4.0	37.9	2.4	2.9	80.2	0.5	2.6	3.1	5.5	1.2	0.1	2.1	49.7	53.6
Moses Malone	1,329	33.9	20.6	7.1	14.5	49.1	0.0	0.1	10.0	6.4	8.3	76.9	5.1	7.1	12.2	1.4	0.8	1.3	3.1	49.1	56.9
Brandon Jennings	412	33.9	16.6	5.9	15.0	39.1	1.9	5.4	35.1	2.9	3.6	80.2	0.7	2.6	3.2	6.2	1.4	0.2	2.4	45.4	49.8
Sidney Wicks	760	33.9	16.8	6.6	14.5	45.9	0.0	0.0	0.0	3.6	5.2	68.5	2.6	5.5	8.7	3.2	1.0	0.7	2.4	45.9	50.2
Grant Hill	1,026	33.9	16.7	6.2	12.8	48.3	0.2	0.7	31.4	4.1	5.4	76.9	1.1	4.9	6.0	4.1	1.2	0.6	2.4	49.2	55.1
Jimmy Walker	698	33.8	16.7	6.6	14.4	46.1	-	-	-	3.4	4.2	82.9	0.6	2.1	2.7	3.5	1.1	0.2	-	46.1	51.5
Allan Houston	839	33.7	17.3	6.4	14.3	44.4	1.6	3.9	40.2	3.1	3.6	86.3	0.4	2.5	2.9	2.4	0.7	0.2	2.1	49.8	54.6
Reggie Theus	1,026	33.7	18.5	6.9	14.6	47.1	0.2	0.9	25.2	4.5	5.5	82.6	1.2	2.1	3.3	6.3	1.2	0.2	3.4	47.9	54.5
Al Horford	496	33.7	14.2	6.1	11.2	54.1	0.0	0.1	32.3	2.0	2.7	73.8	2.5	6.7	9.2	2.7	0.8	1.2	1.6	54.2	57.1
Spencer Haywood	760	33.7	19.2	7.6	16.4	46.5	0.0	0.0	12.5	4.0	5.0	80.0	2.6	5.6	9.3	1.8	0.6	1.1	2.2	46.5	51.7
Anfernee Hardaway	704	33.7	15.2	5.7	12.4	45.8	0.7	2.3	31.6	3.1	4.0	77.4	1.4	3.1	4.5	5.0	1.6	0.4	2.5	48.6	53.5
Bernard King	874	33.7	22.5	9.0	17.3	51.8	0.0	0.2	17.2	4.5	6.2	73.0	1.9	3.8	5.8	3.3	1.0	0.3	3.2	51.9	56.1
Marc Gasol	517	33.7	14.1	5.3	10.4	50.9	0.0	0.1	15.9	3.5	4.6	75.8	2.1	5.8	7.9	3.0	0.9	1.6	2.0	51.0	56.6
Josh Smith	836	33.6	15.1	5.9	13.0	45.5	0.5	1.7	28.5	2.8	4.4	63.3	2.0	5.7	7.7	3.2	1.3	2.0	2.5	47.4	50.6
Doug Collins	415	33.6	17.9	7.1	14.1	50.1	0.0	0.0	0.0	3.8	4.5	83.3	1.1	2.1	3.2	3.3	1.2	0.3	2.8	50.1	55.7
George Gervin	791	33.5	26.2	10.2	19.9	51.1	0.1	0.3	29.7	5.7	6.8	84.4	1.5	3.1	4.6	2.8	1.2	0.8	3.0	51.3	57.2
Peja Stojakovic	804	33.5	17.0	6.0	13.3	45.0	2.2	5.5	40.1	2.8	3.1	89.5	0.9	3.8	4.7	1.8	0.9	0.1	1.4	53.2	57.7
Tyreke Evans	408	33.5	16.8	6.4	14.3	44.7	0.6	2.1	27.8	3.4	4.6	75.5	1.0	3.9	4.9	5.2	1.4	0.4	2.7	46.7	51.5
DeMar DeRozan	443	33.5	17.2	6.2	14.0	44.2	0.4	1.3	27.0	4.5	5.5	81.8	0.7	3.1	3.8	2.4	0.9	0.3	1.8	45.4	52.4
Rudy Tomjanovich	768	33.5	17.4	7.3	14.6	50.1	0.0	0.2	26.2	2.7	3.5	78.4	2.2	5.2	8.1	2.0	0.7	0.3	1.6	50.2	53.9
Lou Hudson	890	33.5	20.2	8.3	17.0	48.9	-	-	-	3.5	4.4	79.7	1.2	1.9	4.4	2.7	1.4	0.3	1.6	48.9	53.2
Bob Lanier	959	33.5	20.1	8.1	15.7	51.4	0.0	0.0	15.4	3.9	5.1	76.7	2.6	6.8	10.1	3.1	1.1	1.5	2.6	51.4	55.9
Lamar Odom	961	33.4	13.3	5.0	10.8	46.3	0.7	2.2	31.2	2.6	3.7	69.3	1.9	6.5	8.4	3.7	0.9	0.9	2.3	49.5	53.4
Micheal Ray Richardson	556	33.4	14.8	6.1	13.5	45.7	0.2	1.0	22.0	2.3	3.4	69.0	1.8	3.7	5.5	7.0	2.6	0.4	3.3	46.5	49.7
George Yardley	472	33.4	19.2	6.8	16.0	42.2	-	-	-	5.7	7.3	78.0	-	-	8.9	1.7	-	-	-	42.2	49.9
Jeff Ruland	332	33.4	17.4	6.3	11.2	56.4	0.0	0.1	15.8	4.7	6.5	71.8	3.3	6.9	10.2	3.0	0.8	0.8	3.7	56.4	61.5
Kerry Kittles	507	33.4	14.1	5.5	12.5	43.9	1.4	3.6	37.8	1.8	2.3	78.0	1.0	2.9	3.9	2.6	1.6	0.4	1.2	49.3	52.3
Gene Shue	699	33.4	14.4	5.3	13.4	39.6	-	-	-	3.8	4.7	80.6	-	-	4.1	3.7	-	-	-	39.6	46.5
Jack Sikma	1,107	33.4	15.6	5.8	12.5	46.4	0.2	0.6	32.8	3.9	4.6	84.9	2.3	7.5	9.8	3.2	1.0	0.9	2.3	47.1	54.0
Larry Nance	920	33.4	17.1	6.9	12.7	54.6	0.0	0.1	14.5	3.2	4.2	75.5	2.5	5.5	8.0	2.6	0.9	2.2	1.9	54.6	58.6
Bill Bridges	926	33.3	11.9	4.5	10.2	44.2	-	-	-	2.9	4.1	69.3	2.6	3.9	11.9	2.8	0.7	0.4	-	44.2	49.4
Raymond Felton	696	33.3	12.7	4.8	11.6	41.2	1.0	3.1	33.2	2.1	2.7	78.3	0.7	2.5	3.2	6.3	1.4	0.2	2.5	45.7	49.7
Elton Brand	1,041	33.3	16.1	6.3	12.6	50.1	0.0	0.0	10.0	3.5	4.7	73.6	3.2	5.5	8.6	2.1	0.9	1.7	2.0	50.1	54.8
Rudy LaRusso	736	33.3	15.6	5.6	12.9	43.1	-	-	-	4.5	5.9	76.7	-	-	9.4	2.1	-	-	-	43.1	50.4
Bob McAdoo	852	33.2	22.1	8.7	17.3	50.3	0.0	0.0	8.1	4.6	6.1	75.4	2.4	7.1	9.4	2.3	1.0	1.5	2.6	50.3	55.1
Vince Carter	1,214	33.2	19.4	7.0	16.0	44.0	1.5	4.1	37.4	3.8	4.7	79.9	1.3	3.5	4.8	3.6	1.1	0.6	2.0	48.8	53.6
Derrick Coleman	781	33.2	16.5	5.9	13.2	44.7	0.4	1.4	29.5	4.3	5.5	76.9	2.7	6.6	9.3	2.5	0.8	1.3	2.6	46.2	52.6
Horace Grant	1,165	33.2	11.2	4.7	9.2	50.9	0.0	0.1	6.3	1.8	2.6	69.2	3.0	5.1	8.1	2.2	1.0	1.0	1.1	50.9	54.0
Damon Stoudamire	878	33.2	13.4	4.9	12.1	40.6	1.4	3.9	35.7	2.1	2.6	83.3	0.8	2.7	3.5	6.1	1.1	0.1	2.3	46.4	50.5
Jack Coleman	633	33.1	10.6	4.4	10.7	41.6	-	-	-	1.7	2.5	69.5	-	-	9.2	2.8	-	-	-	41.6	45.1
Phil Chenier	578	33.1	17.2	7.1	16.0	44.4	0.0	0.0	40.0	2.9	3.6	80.6	0.9	2.7	3.6	3.0	1.6	0.6	1.4	44.5	48.7
Sean Elliott	742	33.0	14.2	5.2	11.2	46.5	0.8	2.1	37.5	3.0	3.8	79.9	1.1	3.2	4.3	2.6	0.8	0.4	1.8	50.0	55.3
Metta World Peace	931	33.0	13.8	4.9	11.8	41.7	1.2	3.5	34.1	2.7	3.8	71.6	1.2	3.4	4.7	2.8	1.8	0.5	1.9	46.7	51.0
Kevin Love	439	32.9	18.7	6.2	13.9	44.8	1.3	3.7	36.3	4.9	6.1	81.4	3.4	8.4	11.8	2.4	0.7	0.5	2.0	49.6	56.6
Jamaal Wilkes	828	32.9	17.7	7.5	15.1	49.9	0.0	0.1	13.5	2.6	3.5	75.9	2.0	4.2	6.2	2.5	1.3	0.3	2.1	50.0	53.3
Nick Van Exel	880	32.9	14.4	5.3	13.0	40.5	1.7	4.9	35.7	2.1	2.7	79.4	0.4	2.5	2.9	6.6	0.8	0.1	2.1	47.1	50.7
Jrue Holiday	372	32.9	13.6	5.5	12.4	43.9	1.0	2.7	37.6	1.7	2.1	79.0	0.9	2.7	3.6	6.1	1.5	0.4	2.7	48.0	50.9
Jim Jackson	885	32.8	14.3	5.4	12.7	42.8	1.0	2.7	36.5	2.5	3.0	82.5	1.3	3.3	4.7	3.2	0.8	0.2	2.5	46.7	51.1
Jeff Malone	905	32.8	19.0	7.8	16.2	48.4	0.1	0.4	26.8	3.3	3.7	87.1	0.6	2.0	2.6	2.4	0.6	0.1	1.7	48.7	53.3
Rolando Blackman	980	32.7	18.0	7.0	14.3	49.3	0.2	0.7	34.3	3.7	4.4	84.0	1.1	2.3	3.3	3.0	0.7	0.3	1.9	50.1	55.5
Dennis Johnson	1,100	32.7	14.1	5.3	11.9	44.5	0.1	0.4	17.2	3.4	4.3	79.7	1.3	2.5	3.9	5.0	1.3	0.6	2.4	44.8	51.1
Tracy McGrady	938	32.7	19.6	7.2	16.4	43.5	1.2	3.4	33.8	4.1	5.5	74.6	1.4	4.2	5.6	4.4	1.2	0.9	2.2	47.0	51.9
Rasheed Wallace	1,109	32.7	14.4	5.7	12.2	46.7	1.0	2.9	33.6	2.1	2.9	72.1	1.4	5.3	6.7	1.8	1.0	1.3	1.5	50.7	53.6
Artis Gilmore	909	32.7	17.1	6.3	10.5	59.9	0.0	0.0	7.7	4.5	6.3	71.3	2.9	7.2	10.1	2.0	0.5	1.9	2.8	59.9	64.3
George King	411	32.6	10.3	3.7	9.7	38.2	-	-	-	2.9	4.5	64.2	-	-	3.9	4.8	-	-	-	38.2	44.1
Chris Mullin	986	32.6	18.2	6.8	13.4	50.9	0.8	2.2	38.4	3.7	4.2	86.5	1.0	3.1	4.1	3.5	1.6	0.6	2.3	54.0	59.4
Reggie Lewis	450	32.6	17.6	7.1	14.6	48.8	0.1	0.3	20.0	3.3	4.0	82.4	1.3	3.0	4.3	2.6	1.3	0.9	1.6	49.0	53.8
Caron Butler	864	32.6	14.3	5.3	12.2	43.4	0.9	2.5	34.9	2.9	3.4	84.7	1.3	3.8	5.1	2.3	1.3	0.2	1.8	46.9	52.3
Hersey Hawkins	983	32.6	14.7	5.0	10.8	46.1	1.2	3.2	39.4	3.5	4.1	87.0	0.8	2.8	3.6	2.9	1.7	0.3	1.9	51.8	58.5
Mike Conley	581	32.6	13.4	4.9	11.2	44.2	1.1	3.0	37.5	2.4	3.0	80.3	0.4	2.4	2.9	5.6	1.5	0.2	2.1	49.3	53.7
Rajon Rondo	573	32.6	10.8	4.5	9.6	47.0	0.2	0.8	26.3	1.6	2.5	60.9	1.1	3.6	4.7	8.3	1.8	0.1	2.8	48.1	50.3
Jeff Green	556	32.6	14.3	5.3	12.0	43.9	1.1	3.1	34.2	2.7	3.5	79.1	1.0	3.9	5.0	1.6	0.8	0.6	1.7	48.4	53.0
Truck Robinson	772	32.6	15.5	6.2	12.9	48.3	0.0	0.0	100	3.1	4.6	66.2	2.6	6.8	9.4	1.7	0.7	0.7	3.0	48.3	52.0
Yao Ming	486	32.5	19.0	7.0	13.3	52.4	0.0	0.0	20.0	5.1	6.1	83.3	2.5	6.7	9.2	1.6	0.4	1.9	2.7	52.5	59.6
Vin Baker	791	32.5	15.0	5.9	12.2	48.5	0.0	0.2	21.5	3.1	4.8	63.8	2.9	4.6	7.4	1.9	0.7	1.0	2.2	48.7	52.2
Vern Mikkelsen	699	32.5	14.4	5.1	12.6	40.3	-	-	-	4.2	5.5	76.6	-	-	9.4	2.2	-	-	-	40.3	47.8
Archie Clark	725	32.5	16.3	6.5	13.5	48.0	-	-	-	3.4	4.4	76.9	0.6	1.8	3.3	4.8	1.1	0.1	-	48.0	52.9
Gail Goodrich	1,031	32.5	18.6	7.2	15.8	45.6	-	-	-	4.2	5.2	80.7	1.1	1.6	3.2	4.7	1.3	0.2	2.5	45.6	51.4
Bobby Wanzer	568	32.5	12.2	4.0	10.2	39.3	-	-	-	4.2	5.2	80.2	-	-	4.5	3.2	-	-	-	39.3	48.9
Buck Williams	1,307	32.5	12.8	4.9	8.9	54.9	0.0	0.0	16.7	3.0	4.6	66.4	3.5	6.5	10.0	1.3	0.8	0.8	2.1	54.9	58.7
Brook Lopez	414	32.5	17.9	7.0	13.7	51.1	0.0	0.0	5.9	3.9	4.9	79.2	2.8	4.5	7.3	1.3	0.6	1.7	1.9	51.1	56.4
James Worthy	926	32.4	17.6	7.4	14.3	52.1	0.1	0.5	24.1	2.6	3.4	76.9	1.7	3.4	5.1	3.0	1.1	0.7	2.0	52.5	55.9
Chet Walker	1,032	32.4	18.2	6.7	14.2	47.0	-	-	-	4.9	6.2	79.6	1.6	3.8	7.1	2.1	0.7	0.1	-	47.0	54.0
Joe Barry Carroll	705	32.4	17.7	7.1	15.0	47.4	0.0	0.0	0.0	3.4	4.6	74.7	2.4	5.3	7.7	1.8	1.0	1.6	2.8	47.4	51.9
Rodney McCray	768	32.4	11.7	4.6	9.1	50.3	0.1	0.3	26.0	2.5	3.3	76.1	2.1	4.5	6.6	3.6	0.8	0.6	1.8	50.7	55.6
Tony Parker	1,008	32.4	16.9	6.7	13.6	49.4	0.4	1.4	32.3	3.0	4.0	75.3	0.4	2.5	2.9	5.9	0.9	0.1	2.5	51.1	55.0
Richie Guerin	848	32.4	17.3	6.1	14.7	41.6	-	-	-	5.1	6.5	78.0	-	-	5.0	5.0	-	-	-	41.6	49.3
James Harden	452	32.3	19.7	5.8	13.1	44.4	2.0	5.3	37.0	6.1	7.2	85.4	0.7	3.6	4.3	4.4	1.4	0.4	2.7	51.9	60.7
Mike Mitchell	759	32.3	19.8	8.4	17.0	49.3	0.0	0.1	21.6	3.0	3.8	77.9	2.0	3.6	5.6	1.3	0.7	0.5	1.7	49.4	52.9
Tom Gola	698	32.3	11.3	4.2	9.9	43.1	-	-	-	2.8	3.7	76.0	-	-	8.0	4.2	-	-	-	43.1	49.1
Wesley Matthews	441	32.2	14.3	4.9	11.1	44.3	2.0	5.1	39.3	2.5	3.0	82.5	0.6	2.5	3.1	2.1	1.1	0.2	1.4	53.4	57.7
Bailey Howell	950	32.2	18.7	6.9	14.3	48.0	-	-	-	5.0	6.6	76.2	-	-	9.9	2.0	-	-	-	48.0	54.4
Randy Smith	976	32.2	16.7	6.8	14.6	47.0	0.0	0.1	15.5	3.0	3.8	78.1	1.1	2.4	3.7	4.6	1.7	0.1	2.4	47.0	51.3
Zelmo Beaty	570	32.2	16.0	6.0	12.7	46.9	-	-	-	4.1	5.4	75.0	1.3	3.4	10.4	1.5	0.7	0.4	-	46.9	53.0
Andy Phillip	701	32.2	9.1	3.3	9.0	36.8	-	-	-	2.5	3.6	69.5	-	-	4.4	5.4	-	-	-	36.8	43.0
Guy Rodgers	892	32.1	11.7	4.6	12.2	37.8	-	-	-	2.4	3.4	72.1	-	-	4.3	7.8	-	-	-	37.8	42.6
Amar'e Stoudemire	794	32.1	19.8	7.3	13.6	53.6	0.0	0.2	23.6	5.2	6.8	76.1	2.5	5.6	8.1	1.3	0.8	1.3	2.4	53.8	59.7
Richard Hamilton	921	32.1	17.1	6.5	14.4	44.9	0.6	1.7	34.6	3.5	4.1	85.2	0.9	2.2	3.1	3.4	0.8	0.1	2.1	46.9	52.5
Jim McMillian	631	32.1	13.8	5.8	12.0	48.2	-	-	-	2.3	2.8	83.2	1.6	3.6	5.3	2.5	1.1	0.2	1.2	48.2	52.5
Bill Sharman	711	32.0	17.8	6.7	15.7	42.6	-	-	-	4.4	5.0	88.3	-	-	3.9	3.0	-	-	-	42.6	49.7
Tayshaun Prince	940	32.0	11.8	4.8	10.5	45.5	0.6	1.6	37.0	1.6	2.1	75.7	1.2	3.3	4.5	2.5	0.6	0.5	1.1	48.3	51.5
David Thompson	509	32.0	22.1	8.3	16.4	50.4	0.0	0.2	27.7	5.5	7.1	77.8	1.4	2.3	3.8	3.2	0.9	0.8	2.6	50.5	56.6
Earl Monroe	926	32.0	18.8	7.5	16.1	46.4	0.0	0.0	0.0	3.9	4.9	80.7	0.6	2.1	3.0	3.9	1.0	0.3	1.6	46.4	51.7
Zach Randolph	916	32.0	17.1	6.8	14.3	47.3	0.1	0.5	26.2	3.4	4.4	76.3	3.1	6.4	9.5	1.8	0.8	0.3	2.2	47.7	52.4
Rashard Lewis	1,049	32.0	14.9	5.4	11.9	45.2	1.7	4.4	38.6	2.4	3.0	80.5	1.4	3.8	5.2	1.7	1.1	0.5	1.5	52.4	56.3
Michael Redd	629	32.0	19.0	6.7	15.0	44.7	1.7	4.4	38.0	4.0	4.8	83.8	1.0	2.8	3.8	2.1	0.9	0.1	1.5	50.3	55.8
Stephen Jackson	858	31.9	15.1	5.4	13.0	41.4	1.5	4.4	33.3	2.9	3.7	79.8	0.8	3.1	3.9	3.1	1.3	0.4	2.5	47.1	51.9
Alex English	1,193	31.9	21.5	8.9	17.6	50.7	0.0	0.1	21.7	3.6	4.3	83.2	2.3	3.2	5.5	3.6	0.9	0.7	2.5	50.7	55.0
David Wesley	949	31.9	12.5	4.5	10.6	42.4	1.2	3.2	36.8	2.3	3.0	78.6	0.6	2.0	2.5	4.4	1.3	0.2	1.9	48.0	52.6
Harry Gallatin	682	31.9	13.0	4.1	10.3	39.8	-	-	-	4.7	6.1	77.3	-	-	11.9	1.8	-	-	-	39.8	49.7
Bill Calhoun	442	31.9	7.8	2.6	7.8	34.1	-	-	-	2.5	3.5	70.2	-	-	4.0	2.3	-	-	-	34.1	41.8
Bob Love	789	31.8	17.6	6.9	16.1	42.9	-	-	-	3.8	4.7	80.5	2.0	3.7	5.9	1.4	0.8	0.2	-	42.9	48.5
Elmore Smith	562	31.8	13.4	5.6	11.7	48.2	-	-	-	2.1	3.7	57.9	2.3	7.1	10.6	1.4	0.8	2.9	1.7	48.2	50.3
Jason Terry	1,213	31.8	14.8	5.4	12.2	44.6	1.7	4.5	38.0	2.2	2.6	84.6	0.4	2.1	2.5	4.2	1.2	0.2	1.9	51.6	55.4
Sam Lacey	1,002	31.8	10.3	4.3	9.7	44.1	0.0	0.0	18.8	1.7	2.4	73.8	2.2	6.9	9.7	3.7	1.3	1.5	2.2	44.1	48.0
Bill Laimbeer	1,068	31.8	12.9	5.2	10.5	49.8	0.2	0.6	32.6	2.3	2.7	83.7	2.6	7.1	9.7	2.0	0.7	0.9	1.5	50.7	55.2
Jack Twyman	823	31.8	19.2	7.6	16.9	45.0	-	-	-	4.1	5.3	77.8	-	-	6.6	2.3	-	-	-	45.0	50.2
David West	815	31.8	15.5	6.3	12.8	48.9	0.1	0.2	25.0	3.0	3.6	82.0	2.0	5.2	7.2	2.3	0.8	0.8	1.8	49.2	54.0
John Stockton	1,504	31.8	13.1	4.7	9.1	51.5	0.6	1.5	38.4	3.2	3.9	82.6	0.6	2.1	2.7	10.5	2.2	0.2	2.8	54.6	60.8
Isaiah Rider	563	31.7	16.7	6.4	14.4	44.3	1.2	3.4	35.2	2.8	3.4	81.2	1.2	2.6	3.8	2.7	0.7	0.2	2.5	48.4	52.6
Emeka Okafor	590	31.7	12.3	5.0	9.8	51.2	0.0	0.0	0.0	2.3	3.9	58.4	3.2	6.7	9.9	0.9	0.7	1.7	1.6	51.2	53.5
Otis Thorpe	1,257	31.7	14.0	5.5	10.0	54.6	0.0	0.1	4.7	3.1	4.5	68.7	2.7	5.5	8.2	2.2	0.7	0.4	2.2	54.6	58.4
Kirk Hinrich	833	31.7	11.4	4.1	10.1	41.2	1.4	3.7	37.5	1.7	2.1	79.9	0.4	2.6	3.0	5.0	1.1	0.3	1.9	48.0	51.6
Lafayette Lever	752	31.7	13.9	5.6	12.6	44.7	0.2	0.7	31.0	2.4	3.1	77.1	1.9	4.1	6.0	6.2	2.2	0.3	2.0	45.5	49.6
Alvin Robertson	779	31.7	14.0	5.7	11.9	47.7	0.3	1.0	29.5	2.3	3.1	74.3	2.1	3.1	5.2	5.0	2.7	0.4	2.7	49.0	52.7
Dennis Rodman	911	31.7	7.3	3.0	5.8	52.1	0.1	0.4	23.1	1.2	2.0	58.4	4.8	8.4	13.1	1.8	0.7	0.6	1.6	52.9	54.6
Maurice Cheeks	1,101	31.6	11.1	4.5	8.5	52.3	0.0	0.2	25.5	2.1	2.7	79.3	0.6	2.2	2.8	6.7	2.1	0.3	2.1	52.6	57.2
Chauncey Billups	1,043	31.6	15.2	4.5	10.9	41.5	1.8	4.5	38.7	4.3	4.8	89.4	0.5	2.4	2.9	5.4	1.0	0.2	2.0	49.5	58.0
Dan Majerle	955	31.6	11.4	4.1	9.6	43.1	1.4	4.0	35.8	1.7	2.4	74.1	1.2	3.3	4.5	2.9	1.3	0.4	1.2	50.5	53.8
Keith Van Horn	575	31.6	16.0	5.9	13.3	44.3	1.0	2.9	36.1	3.2	3.8	83.5	2.0	4.8	6.8	1.6	0.8	0.5	2.2	48.2	53.4
Rony Seikaly	678	31.6	14.7	5.4	11.1	48.4	0.0	0.0	18.8	4.0	5.8	67.9	3.2	6.3	9.5	1.3	0.7	1.3	2.8	48.4	53.8
Danny Granger	586	31.5	16.8	5.7	13.1	43.4	1.7	4.5	38.0	3.7	4.4	84.8	1.2	3.8	4.9	1.9	1.0	0.8	1.9	50.0	56.0
Jeff Hornacek	1,077	31.5	14.5	5.5	11.1	49.6	0.8	1.9	40.3	2.8	3.1	87.7	0.9	2.5	3.4	4.9	1.4	0.2	1.8	53.0	58.2
Doug Christie	827	31.5	11.2	3.9	9.2	42.6	1.0	2.7	35.4	2.4	3.0	82.1	1.0	3.1	4.1	3.6	1.9	0.5	2.1	47.9	53.5
David Lee	695	31.5	14.7	6.0	11.2	53.3	0.0	0.0	3.6	2.7	3.5	77.5	2.7	6.7	9.5	2.3	0.8	0.4	1.9	53.3	57.5
Derek Harper	1,199	31.5	13.3	5.2	11.2	46.3	0.9	2.5	35.4	2.1	2.9	74.5	0.6	1.8	2.4	5.5	1.6	0.3	1.9	50.3	53.7
Andre Miller	1,265	31.5	12.8	4.7	10.3	46.0	0.2	0.7	21.7	3.2	3.9	80.7	1.1	2.7	3.8	6.7	1.2	0.2	2.4	46.7	53.2
Dan Roundfield	746	31.4	15.2	5.7	11.9	48.5	0.0	0.1	11.5	3.7	5.0	73.8	3.3	6.4	9.7	2.2	0.9	1.5	2.6	48.5	54.0
Charles Oakley	1,282	31.4	9.7	3.8	8.0	47.1	0.1	0.2	25.3	2.1	2.7	76.1	3.1	6.5	9.5	2.5	1.1	0.3	2.2	47.4	52.6
Calvin Natt	599	31.4	17.2	6.7	12.7	52.8	0.0	0.1	21.9	3.8	4.9	76.8	2.3	4.5	6.8	2.2	0.9	0.3	2.1	52.9	57.9
Happy Hairston	776	31.4	14.8	5.5	11.4	47.8	-	-	-	3.9	5.3	74.1	4.2	8.9	10.3	1.6	0.8	0.2	-	47.8	53.9
Jack George	506	31.3	10.2	3.8	10.3	36.4	-	-	-	2.7	3.8	70.4	-	-	4.2	4.3	-	-	-	36.4	42.4
Bob Davies	462	31.3	14.3	5.0	13.1	37.8	-	-	-	4.4	5.7	75.9	-	-	2.9	4.9	-	-	-	37.8	45.6
Michael Adams	653	31.3	14.7	5.0	12.0	41.5	1.5	4.4	33.2	3.3	3.9	84.9	0.6	2.3	2.9	6.4	1.7	0.1	2.1	47.5	53.6
O.J. Mayo	506	31.3	14.3	5.3	12.3	43.2	1.6	4.2	37.7	2.1	2.6	82.2	0.5	2.6	3.2	2.9	1.0	0.3	2.1	49.6	53.3
Steve Nash	1,217	31.3	14.3	5.2	10.6	49.0	1.4	3.2	42.8	2.5	2.8	90.4	0.5	2.5	3.0	8.5	0.7	0.1	2.9	55.6	60.5
Greg Monroe	378	31.3	14.3	5.7	11.3	50.5	0.0	0.0	0.0	2.9	4.2	69.3	3.2	6.0	9.2	2.3	1.2	0.6	2.1	50.5	54.5
Carlos Boozer	861	31.2	16.2	6.8	13.0	52.1	0.0	0.0	7.1	2.6	3.7	72.2	2.4	7.1	9.5	2.2	0.9	0.4	2.1	52.1	55.4
Steve Stipanovich	403	31.2	13.2	5.0	10.3	48.4	0.0	0.1	17.9	3.2	4.0	79.6	1.9	5.9	7.8	2.3	1.0	0.9	1.9	48.6	54.7
Arlen Bockhorn	474	31.2	11.5	4.7	11.8	40.3	-	-	-	2.0	2.6	74.8	-	-	4.7	3.5	-	-	-	40.3	44.3
Ray Scott	684	31.2	14.9	5.7	14.1	40.5	-	-	-	3.5	4.8	72.0	-	-	10.5	2.4	-	-	-	40.5	45.9
Jamal Crawford	1,021	31.2	15.6	5.4	13.2	41.0	1.8	5.1	35.0	3.0	3.5	85.8	0.4	2.0	2.4	3.7	1.0	0.2	2.0	47.8	53.0
Jerry Stackhouse	970	31.2	16.9	5.6	13.6	40.9	1.0	3.3	30.9	4.8	5.8	82.2	1.0	2.2	3.2	3.3	0.9	0.5	2.7	44.6	52.4
Nick Anderson	800	31.2	14.4	5.5	12.4	44.6	1.3	3.7	35.6	2.1	3.1	66.7	1.3	3.8	5.1	2.6	1.4	0.5	1.7	50.0	52.5
Ty Lawson	416	31.1	14.2	5.1	10.9	46.6	1.0	2.6	36.9	3.1	4.0	77.1	0.7	2.2	2.9	6.6	1.2	0.1	2.2	51.0	56.1
Dan Issel	718	31.1	20.4	7.6	14.9	50.6	0.0	0.1	25.3	5.3	6.6	79.7	2.3	5.6	7.9	2.5	1.0	0.6	2.0	50.7	57.2
Brian Taylor	330	31.1	12.3	4.9	10.0	48.7	0.5	1.3	37.6	2.1	2.6	80.3	0.9	1.5	2.4	4.5	1.8	0.2	1.7	51.1	55.3
Wilson Chandler	445	31.1	13.7	5.3	12.0	44.2	1.3	3.8	33.9	1.8	2.3	77.7	1.1	4.2	5.3	1.8	0.8	0.7	1.4	49.6	52.6
Gus Williams	825	31.1	17.1	7.0	15.2	46.1	0.1	0.6	23.8	2.9	3.8	75.6	1.0	1.7	2.7	5.6	2.0	0.4	2.5	46.5	50.5
Otis Birdsong	696	31.1	18.0	7.7	15.2	50.6	0.1	0.3	27.4	2.6	3.9	65.5	1.3	1.7	3.0	3.2	1.2	0.2	2.1	50.9	53.3
Ron Mercer	432	31.1	13.6	5.8	13.4	42.9	0.1	0.6	25.0	2.0	2.4	80.8	0.9	2.2	3.1	2.1	1.1	0.3	1.6	43.4	47.0
P.J. Brown	1,089	31.1	9.1	3.5	7.7	46.0	0.0	0.1	13.6	2.0	2.5	79.4	2.8	5.0	7.7	1.5	0.8	1.0	1.2	46.1	51.6
Al Jefferson	766	31.1	17.0	7.3	14.6	49.9	0.0	0.1	12.9	2.4	3.4	71.0	2.5	6.6	9.1	1.6	0.7	1.3	1.5	49.9	52.8
Kevin Martin	659	31.1	18.0	5.6	12.7	44.1	1.7	4.3	38.5	5.2	5.9	87.0	0.6	2.7	3.3	2.0	0.9	0.1	1.7	50.6	58.8
DeMarcus Cousins	350	31.0	18.9	7.0	15.1	46.3	0.0	0.2	15.9	4.9	6.7	73.1	3.2	7.5	10.6	2.6	1.4	1.1	3.3	46.4	52.3
Kevin McHale	971	31.0	17.9	7.0	12.7	55.4	0.0	0.2	26.1	3.7	4.7	79.8	2.4	4.9	7.3	1.7	0.4	1.7	1.9	55.5	60.5
Alonzo Mourning	838	31.0	17.1	6.1	11.6	52.7	0.0	0.1	24.7	4.8	7.0	69.2	2.6	5.9	8.5	1.1	0.5	2.8	2.6	52.8	58.3
Curtis Rowe	590	31.0	11.6	4.8	9.9	48.2	-	-	-	2.1	3.0	70.1	2.1	4.4	7.2	1.6	0.5	0.5	1.6	48.2	51.9
Richard Jefferson	1,008	30.9	13.9	4.8	10.3	46.5	0.9	2.4	38.0	3.4	4.4	77.1	0.9	3.5	4.3	2.2	0.7	0.3	1.7	50.8	56.6
Ron Harper	1,009	30.9	13.8	5.3	11.8	44.6	0.5	1.8	28.9	2.7	3.8	72.0	1.3	3.0	4.3	3.9	1.7	0.7	2.2	46.8	51.1
Tom Van Arsdale	929	30.9	15.3	5.9	13.7	43.1	-	-	-	3.5	4.5	76.2	0.8	2.5	4.2	2.2	0.7	0.1	-	43.1	48.7
Tom Gugliotta	763	30.9	13.0	5.1	11.3	45.1	0.3	1.0	28.4	2.5	3.4	75.7	2.1	5.2	7.3	2.8	1.4	0.6	2.3	46.3	50.9
Larry Kenon	503	30.8	17.0	7.1	14.5	48.9	0.0	0.0	10.0	2.8	3.5	79.8	2.7	5.1	7.8	2.6	1.3	0.3	2.6	48.9	52.9
Clifford Robinson	1,380	30.8	14.2	5.4	12.2	43.8	0.9	2.5	35.6	2.6	3.7	68.9	1.3	3.2	4.6	2.2	1.0	1.0	1.8	47.5	51.2
Don Ohl	727	30.8	15.9	6.4	14.9	43.4	-	-	-	3.0	4.1	73.2	-	-	3.0	3.1	-	-	-	43.4	47.7
Nicolas Batum	481	30.8	11.2	4.0	9.0	44.6	1.6	4.3	36.3	1.6	1.9	83.4	1.2	3.8	5.1	3.0	0.9	0.7	1.6	53.2	56.8
Wally Szczerbiak	651	30.8	14.1	5.4	11.0	48.5	0.9	2.2	40.6	2.5	2.9	86.0	1.0	3.0	4.0	2.4	0.6	0.2	1.5	52.6	57.3
Larry Hughes	727	30.8	14.1	5.1	12.7	40.6	0.7	2.3	30.9	3.1	4.1	75.7	1.0	3.2	4.2	3.1	1.5	0.4	2.1	43.5	48.8
Dikembe Mutombo	1,196	30.8	9.8	3.5	6.7	51.8	0.0	0.0	0.0	2.8	4.1	68.4	3.2	7.1	10.3	1.0	0.4	2.8	1.8	51.8	57.3
Rod Strickland	1,094	30.7	13.2	5.0	10.9	45.4	0.2	0.6	28.2	3.1	4.4	72.1	1.1	2.7	3.7	7.3	1.5	0.2	2.6	46.2	51.6
Bill Bradley	742	30.7	12.4	5.3	11.8	44.8	-	-	-	1.8	2.2	84.0	0.6	2.1	3.2	3.4	0.7	0.2	-	44.8	48.6
Shane Battier	977	30.7	8.6	3.1	7.0	43.7	1.3	3.3	38.4	1.2	1.6	74.3	1.3	2.9	4.2	1.8	1.0	0.9	0.9	52.9	55.9
Johnny Kerr	905	30.7	13.8	5.4	13.0	41.8	-	-	-	2.9	4.1	72.3	-	-	11.2	2.2	-	-	-	41.8	46.7
Jim Chones	623	30.7	12.3	5.3	11.3	46.8	0.0	0.0	0.0	1.8	2.5	70.4	2.3	6.1	8.3	1.7	0.5	1.0	1.9	46.8	49.7
Chuck Person	943	30.7	14.7	5.9	12.9	45.8	1.3	3.6	36.2	1.6	2.2	72.3	1.2	3.8	5.1	2.8	0.7	0.2	2.1	50.8	53.0
Brian Winters	650	30.7	16.2	6.9	14.5	47.5	0.2	0.5	36.3	2.2	2.6	84.2	0.7	1.9	2.6	4.1	1.2	0.3	2.4	48.1	51.6
George McGinnis	528	30.7	17.2	6.4	14.3	44.8	0.0	0.0	8.0	4.4	6.7	65.1	3.0	6.8	9.8	3.8	1.7	0.4	3.5	44.8	49.8
Cliff T. Robinson	629	30.7	17.2	7.1	15.3	46.8	0.0	0.1	19.4	2.9	4.0	72.2	2.2	6.2	8.3	2.0	1.0	0.7	2.5	46.9	50.5
Roy Hinson	507	30.7	14.2	5.5	11.0	49.9	0.0	0.0	0.0	3.3	4.4	74.1	2.1	4.7	6.8	1.0	0.6	1.7	2.0	49.9	55.0
Tom Chambers	1,107	30.6	18.1	6.7	14.2	46.8	0.2	0.7	30.7	4.6	5.7	80.7	1.8	4.3	6.1	2.1	0.8	0.6	2.3	47.6	54.2
Jeff Mullins	802	30.6	16.2	6.7	14.5	46.3	-	-	-	2.8	3.4	81.4	0.8	1.7	4.3	3.8	0.8	0.2	-	46.3	50.7
Steven Smith	942	30.6	14.3	4.9	11.1	44.0	1.2	3.4	35.8	3.3	3.8	84.5	1.2	2.1	3.2	3.1	0.8	0.3	1.8	49.4	55.6
Kenyon Martin	757	30.6	12.3	5.1	10.6	48.3	0.1	0.4	23.4	2.0	3.2	62.9	1.7	5.1	6.8	1.9	1.2	1.1	1.7	48.7	51.3
Bryant Reeves	395	30.6	12.5	5.1	10.7	47.5	0.0	0.1	7.4	2.4	3.4	70.3	2.2	4.8	6.9	1.6	0.5	0.8	1.9	47.5	51.5
Calvin Murphy	1,002	30.5	17.9	7.2	15.0	48.2	0.0	0.1	13.9	3.4	3.9	89.2	0.7	1.3	2.1	4.4	1.5	0.1	1.9	48.3	53.6
Desmond Mason	643	30.5	12.1	4.6	10.2	44.9	0.1	0.4	26.0	2.9	3.9	74.0	1.3	3.2	4.5	1.6	0.7	0.4	1.6	45.4	50.9
Kendall Gill	966	30.5	13.4	5.2	12.1	43.4	0.3	1.1	30.0	2.5	3.4	75.4	1.3	2.8	4.1	3.0	1.6	0.4	1.8	44.8	49.3
Joe Graboski	845	30.5	11.0	4.1	11.6	35.2	-	-	-	2.9	4.1	70.0	-	-	8.1	1.8	-	-	-	35.2	41.1
Andrew Bogut	574	30.4	10.9	4.8	9.0	53.0	0.0	0.0	8.7	1.4	2.5	56.1	2.7	6.5	9.2	2.3	0.7	1.6	1.8	53.0	54.2
Chris Mills	568	30.4	11.2	4.2	9.8	43.2	0.8	2.2	35.1	2.0	2.4	81.7	1.4	3.6	4.9	1.9	0.7	0.4	1.3	47.1	51.7
Pooh Richardson	639	30.4	11.1	4.8	10.7	44.4	0.6	1.7	32.9	1.0	1.5	65.2	0.7	2.1	2.8	6.5	1.3	0.2	1.8	47.0	48.6
World Free	886	30.4	20.3	7.3	16.1	45.6	0.2	0.7	33.7	5.3	7.1	75.3	1.1	1.6	2.7	3.7	1.0	0.3	2.5	46.3	52.7
Juwan Howard	1,208	30.3	13.4	5.4	11.5	46.9	0.0	0.0	12.0	2.5	3.3	76.4	1.9	4.2	6.1	2.2	0.7	0.3	2.0	46.9	51.4
Thaddeus Young	592	30.3	13.8	5.9	11.8	49.5	0.4	1.3	32.3	1.6	2.4	69.3	1.9	3.6	5.5	1.5	1.4	0.4	1.4	51.3	53.5
Clar. Weatherspoon	915	30.3	11.5	4.4	9.3	47.1	0.0	0.1	19.6	2.6	3.6	74.3	2.3	5.2	7.5	1.5	1.0	0.9	1.6	47.2	52.6
Josh Howard	507	30.3	14.3	5.4	12.2	44.8	0.7	2.0	33.2	2.8	3.6	77.0	1.7	4.0	5.7	1.6	1.0	0.5	1.4	47.6	52.2
Kiki Vandeweghe	810	30.3	19.7	7.6	14.4	52.5	0.3	0.7	36.8	4.3	4.9	87.2	1.1	2.3	3.4	2.1	0.6	0.3	1.6	53.4	59.4
Jalen Rose	923	30.3	14.3	5.3	11.9	44.3	0.8	2.3	35.5	3.0	3.7	80.1	0.5	2.9	3.5	3.8	0.8	0.3	2.3	47.7	53.0
Mark Jackson	1,296	30.2	9.6	3.7	8.3	44.7	0.6	1.7	33.2	1.7	2.2	77.0	1.0	2.8	3.8	8.0	1.2	0.1	2.4	48.1	52.2
Sidney Moncrief	767	30.2	15.6	5.4	10.7	50.2	0.1	0.5	28.4	4.7	5.6	83.1	1.9	2.8	4.7	3.6	1.2	0.3	2.0	50.9	59.1
Tom Meschery	778	30.2	12.7	5.0	11.3	44.1	-	-	-	2.8	3.7	74.5	-	-	8.6	1.7	-	-	-	44.1	49.2
Kenny Anderson	858	30.1	12.6	4.7	11.1	42.1	0.6	1.8	34.6	2.6	3.3	79.0	0.8	2.3	3.1	6.1	1.5	0.1	2.1	44.9	50.1
Kenny Smith	737	30.1	12.8	4.8	10.0	48.0	0.9	2.3	39.9	2.3	2.7	82.9	0.4	1.6	2.0	5.5	1.0	0.1	2.2	52.5	57.0
Paul Seymour	622	30.1	9.4	3.3	9.4	35.0	-	-	-	2.8	3.6	79.2	-	-	3.1	3.8	-	-	-	35.0	42.9
Andrea Bargnani	504	30.1	15.0	5.6	12.7	43.8	1.2	3.5	35.6	2.6	3.2	82.4	1.0	3.9	4.8	1.3	0.4	0.9	1.6	48.7	53.2
Danilo Gallinari	344	30.1	14.2	4.4	10.5	41.6	1.8	4.9	36.7	3.6	4.3	85.1	0.8	3.7	4.5	1.8	0.9	0.5	1.3	50.3	57.4
Mark Aguirre	923	30.0	20.0	7.8	16.1	48.4	0.4	1.4	31.2	4.0	5.4	74.1	1.8	3.1	5.0	3.1	0.7	0.3	2.5	49.8	54.2
Larry Costello	706	30.0	12.2	4.4	10.0	43.8	-	-	-	3.4	4.1	84.1	-	-	3.8	4.6	-	-	-	43.8	51.7
Sam Cassell	993	30.0	15.7	5.7	12.6	45.4	0.7	2.0	33.1	3.6	4.2	86.1	0.6	2.6	3.2	6.0	1.1	0.2	2.4	48.0	54.4
Andrei Kirilenko	797	30.0	11.8	3.9	8.3	47.4	0.5	1.5	31.0	3.5	4.6	75.4	1.8	3.7	5.5	2.7	1.4	1.8	1.9	50.2	57.1
Nat Clifton	544	30.0	10.0	3.8	10.6	36.1	-	-	-	2.4	3.7	63.3	-	-	8.2	2.5	-	-	-	36.1	40.9
Fred Carter	611	30.0	15.2	6.4	15.1	42.5	-	-	-	2.4	3.4	69.3	1.1	2.7	3.9	3.5	1.2	0.2	-	42.5	45.8
Red Rocha	586	29.9	10.9	3.9	10.5	37.0	-	-	-	3.1	4.1	75.9	-	-	6.6	2.0	-	-	-	37.0	44.1
Mark Price	722	29.9	15.2	5.5	11.6	47.2	1.4	3.4	40.2	3.0	3.3	90.4	0.6	2.0	2.6	6.7	1.2	0.1	2.5	53.0	58.6
Joakim Noah	543	29.9	9.6	3.6	7.4	49.4	0.0	0.0	0.0	2.3	3.2	71.6	3.4	6.1	9.5	2.9	0.9	1.4	1.8	49.4	54.5
Vlade Divac	1,134	29.8	11.8	4.6	9.3	49.5	0.1	0.4	23.5	2.5	3.7	69.2	2.5	5.7	8.2	3.1	1.1	1.4	2.2	50.0	54.3
Carl Braun	788	29.8	13.5	5.0	13.0	38.3	-	-	-	3.6	4.4	80.4	-	-	3.4	3.7	-	-	-	38.3	45.2
Ralph Sampson	456	29.8	15.4	6.4	13.2	48.6	0.0	0.1	17.2	2.6	3.9	66.1	2.6	6.2	8.8	2.3	0.9	1.6	3.0	48.7	51.8
Dick Barnett	971	29.8	15.8	6.2	13.6	45.6	-	-	-	3.4	4.5	76.1	0.2	0.6	2.9	2.8	0.2	0.0	-	45.6	50.8
Ricky Davis	736	29.8	13.5	5.1	11.4	44.6	0.8	2.2	36.1	2.5	3.2	78.1	0.8	2.7	3.5	3.3	1.0	0.3	2.2	48.0	52.5
Mo Williams	777	29.8	13.4	5.0	11.6	43.4	1.4	3.6	37.9	2.0	2.3	87.0	0.5	2.3	2.8	5.0	0.9	0.1	2.3	49.3	53.2
Terrell Brandon	724	29.8	13.8	5.4	12.0	44.8	0.5	1.5	35.5	2.5	2.8	87.3	0.6	2.4	3.0	6.1	1.6	0.3	2.0	47.1	51.9
Gerald Wallace	832	29.7	11.9	4.2	9.0	46.9	0.5	1.6	31.2	3.0	4.2	70.9	1.4	4.4	5.8	2.1	1.4	0.8	1.8	49.6	54.9
Mychal Thompson	935	29.7	13.7	5.6	11.0	50.4	0.0	0.0	8.3	2.6	4.0	65.5	2.4	5.1	7.4	2.3	0.7	1.1	2.3	50.4	53.7
Hot Rod Williams	887	29.7	11.0	4.2	8.7	48.0	0.0	0.0	10.5	2.7	3.7	72.6	2.3	4.4	6.8	1.8	0.8	1.6	1.4	48.0	53.5
Christian Laettner	868	29.7	12.8	4.6	9.7	48.0	0.1	0.4	26.1	3.4	4.2	82.0	1.9	4.8	6.7	2.6	1.1	0.8	2.2	48.6	55.7
Lionel Simmons	454	29.7	12.8	4.9	11.4	43.3	0.1	0.3	30.5	2.9	3.7	77.1	1.8	4.5	6.2	3.3	1.1	0.8	2.2	43.7	49.2
Campy Russell	566	29.6	15.8	6.0	13.1	45.9	0.1	0.2	36.6	3.8	4.9	77.2	1.6	3.2	4.8	3.0	1.0	0.2	3.0	46.2	52.0
Joe Caldwell	468	29.6	15.2	6.3	13.8	45.9	-	-	-	2.6	4.1	63.4	-	-	5.1	2.7	-	-	-	45.9	48.9
Kelly Tripucka	707	29.6	17.2	6.3	13.3	47.3	0.2	0.7	36.1	4.4	5.2	84.9	1.3	2.5	3.8	3.0	1.0	0.2	2.4	48.2	55.2
Gordon Hayward	363	29.6	13.5	4.6	10.4	43.9	1.1	3.0	36.5	3.3	4.0	81.2	0.7	3.0	3.7	3.3	1.0	0.5	2.0	49.2	55.5
Eddie Johnson	675	29.6	15.1	5.9	12.5	47.6	0.2	0.5	32.6	3.0	3.8	79.1	0.7	1.6	2.3	5.1	1.1	0.1	2.5	48.2	53.1
Detlef Schrempf	1,136	29.6	13.9	4.8	9.7	49.1	0.4	1.1	38.4	3.9	4.9	80.3	1.6	4.5	6.2	3.4	0.8	0.3	2.0	51.3	58.6
John Johnson	869	29.6	12.9	5.3	11.8	44.6	0.0	0.0	0.0	2.4	3.0	77.9	1.6	3.3	5.5	3.8	0.8	0.4	2.7	44.6	49.1
Kevin Loughery	755	29.5	15.3	5.9	14.3	41.3	-	-	-	3.5	4.3	80.3	-	-	3.0	3.7	-	-	-	41.3	47.2
John Drew	739	29.5	20.7	7.4	15.8	47.0	0.0	0.1	17.5	5.8	7.8	74.8	2.9	4.0	6.9	1.7	1.4	0.3	2.7	47.1	53.8
Ben Wallace	1,088	29.5	5.7	2.4	5.0	47.4	0.0	0.0	13.7	1.0	2.5	41.4	3.2	6.5	9.6	1.3	1.3	2.0	1.0	47.5	47.4
Marcus Camby	973	29.5	9.5	3.9	8.3	46.6	0.0	0.1	20.5	1.8	2.6	67.0	2.7	7.1	9.8	1.9	1.0	2.4	1.4	46.8	50.3
Kyle Lowry	576	29.4	12.5	4.1	9.7	41.7	1.3	3.7	34.8	3.1	3.9	79.3	0.9	3.1	3.9	5.6	1.3	0.2	2.1	48.3	54.6
Tom Heinsohn	654	29.4	18.6	7.3	18.0	40.5	-	-	-	4.0	5.1	79.0	-	-	8.8	2.0	-	-	-	40.5	46.0
Bob Rule	403	29.4	17.4	6.9	15.0	46.1	-	-	-	3.6	5.3	68.6	1.6	2.2	8.3	1.5	0.4	0.4	-	46.1	50.3
Jason Williams	788	29.4	10.5	3.9	9.8	39.8	1.6	4.8	32.7	1.1	1.4	81.3	0.2	2.1	2.3	5.9	1.2	0.1	2.1	47.9	50.5
Ken Norman	646	29.4	13.5	5.8	11.9	48.6	0.4	1.1	31.2	1.6	2.8	56.7	2.1	4.0	6.1	2.1	0.8	0.7	1.8	50.1	51.4
Billy Owens	600	29.4	11.7	4.8	9.9	48.1	0.1	0.5	29.1	2.0	3.2	62.9	2.4	4.3	6.7	2.8	0.9	0.5	2.2	48.8	51.6
Mike Newlin	837	29.4	14.9	5.6	12.1	46.6	0.1	0.2	30.2	3.6	4.1	87.0	0.8	2.0	3.0	4.0	1.0	0.1	2.5	46.9	53.7
Rex Chapman	666	29.3	14.6	5.6	13.0	43.0	1.2	3.5	35.0	2.2	2.8	80.0	0.6	1.9	2.5	2.7	0.9	0.2	1.5	47.7	51.4
Darren Collison	421	29.3	12.4	4.6	9.9	46.5	0.7	1.9	36.6	2.5	3.0	85.0	0.5	2.2	2.7	5.0	1.1	0.2	2.2	50.1	55.5
Jim Washington	774	29.3	10.6	4.2	9.4	44.9	-	-	-	2.1	3.0	70.5	2.1	5.2	8.6	1.4	0.5	0.6	-	44.9	49.4
Jay Humphries	788	29.3	11.1	4.4	9.3	47.6	0.3	0.9	29.7	2.0	2.5	78.2	0.7	1.9	2.5	5.5	1.5	0.1	1.9	49.1	53.3
Bob Boozer	874	29.2	14.8	5.7	12.3	46.2	-	-	-	3.5	4.6	76.1	-	-	8.1	1.4	-	-	-	46.2	51.9
Derek Anderson	615	29.2	12.0	3.9	9.6	40.8	1.0	3.1	34.1	3.0	3.6	85.3	0.7	2.5	3.2	3.4	1.1	0.1	1.7	46.3	53.4
Larry Foust	817	29.2	13.7	4.7	11.5	40.5	-	-	-	4.4	5.9	74.1	-	-	9.8	1.7	-	-	-	40.5	48.5
Cliff Hagan	745	29.2	18.0	7.0	15.6	45.0	-	-	-	4.0	5.0	79.8	-	-	6.9	3.0	-	-	-	45.0	50.7
Purvis Short	842	29.2	17.3	7.0	14.9	47.4	0.1	0.5	28.2	3.1	3.8	82.4	1.7	2.6	4.3	2.5	1.0	0.2	2.0	47.9	52.5
Phil Smith	659	29.1	15.1	6.1	12.8	47.6	0.0	0.1	25.3	2.9	3.7	77.9	0.9	2.1	3.0	3.9	1.1	0.3	2.4	47.7	52.3
Mehmet Okur	634	29.1	13.5	4.8	10.4	45.8	0.9	2.5	37.5	3.0	3.8	79.7	2.0	5.0	7.0	1.7	0.5	0.7	1.6	50.3	55.8
Derrick McKey	937	29.1	11.0	4.2	8.6	48.6	0.2	0.7	31.6	2.4	3.1	77.9	1.6	3.1	4.7	2.4	1.1	0.7	1.8	49.8	55.1
Charles Smith	564	29.0	14.4	5.3	11.2	47.5	0.0	0.2	19.4	3.7	4.8	77.4	2.1	3.6	5.8	1.4	0.8	1.4	1.8	47.7	54.1
Kevin Porter	659	29.0	11.6	4.8	10.0	48.3	0.0	0.0	18.8	1.9	2.6	73.7	0.6	1.3	1.8	8.1	1.4	0.1	3.5	48.3	51.9
Maurice Lucas	855	29.0	14.4	5.7	12.0	47.3	0.0	0.0	11.1	3.0	4.0	76.3	2.5	6.3	8.8	2.3	0.7	0.6	2.3	47.3	52.3
Gerald Wilkins	900	29.0	13.0	5.3	11.7	45.0	0.5	1.5	31.6	2.0	2.7	74.5	1.1	1.9	2.9	3.0	1.0	0.2	1.9	47.0	50.4
Nene	747	29.0	12.4	4.7	8.7	54.4	0.0	0.0	11.1	3.0	4.5	67.0	1.9	4.7	6.7	2.0	1.2	0.8	2.0	54.4	58.4
Xavier McDaniel	870	29.0	15.6	6.5	13.4	48.5	0.1	0.3	26.1	2.5	3.5	71.8	2.4	3.7	6.1	2.0	0.9	0.5	2.2	48.9	52.2
Jack Marin	849	29.0	14.8	6.0	12.8	46.5	-	-	-	2.8	3.4	84.3	0.9	2.3	5.2	2.1	0.5	0.2	-	46.5	51.6
Rafer Alston	671	28.9	10.1	3.7	9.5	38.3	1.5	4.2	35.4	1.3	1.8	72.9	0.4	2.5	2.8	4.8	1.2	0.2	1.8	46.1	49.0
Jose Calderon	676	28.9	10.2	3.9	8.2	47.5	1.1	2.7	41.2	1.2	1.4	87.5	0.4	2.2	2.5	6.7	0.9	0.1	1.7	54.4	57.5
Antonio Davis	903	28.9	10.0	3.5	7.9	44.8	0.0	0.0	8.7	3.0	4.1	72.7	2.6	4.9	7.5	1.1	0.5	1.0	1.5	44.8	51.8
Dick Garmaker	421	28.9	13.3	4.8	11.9	40.3	-	-	-	3.7	4.7	78.7	-	-	4.2	2.6	-	-	-	40.3	47.5
Austin Carr	682	28.8	15.4	6.4	14.2	44.9	0.0	0.0	15.4	2.6	3.2	80.4	1.3	1.4	2.9	2.8	0.8	0.1	1.6	44.9	49.1
Willie Naulls	716	28.8	15.8	6.3	15.6	40.6	-	-	-	3.1	3.9	81.2	-	-	9.1	1.6	-	-	-	40.6	45.7
Willie Anderson	555	28.8	12.2	5.1	10.7	47.1	0.2	0.7	26.6	1.9	2.4	78.6	1.0	2.8	3.8	3.8	1.1	0.6	2.1	47.9	51.7
Marvin Williams	704	28.8	10.4	3.8	8.4	44.5	0.6	1.9	34.0	2.3	2.8	80.0	1.3	3.8	5.1	1.3	0.8	0.5	1.1	48.2	53.7
Dale Ellis	1,209	28.8	15.7	6.1	12.6	47.9	1.4	3.5	40.3	2.2	2.8	78.4	1.3	2.2	3.5	1.4	0.8	0.2	1.5	53.6	56.7
Mark Eaton	875	28.8	6.0	2.4	5.2	45.8	0.0	0.0	0.0	1.2	1.9	64.9	2.1	5.8	7.9	1.0	0.4	3.5	1.5	45.8	49.6
Tyson Chandler	920	28.8	8.8	3.3	5.6	59.1	0.0	0.0	0.0	2.3	3.5	64.5	3.2	6.1	9.3	0.8	0.6	1.3	1.5	59.1	62.2
Bobby Phills	467	28.7	11.0	4.2	9.5	44.3	0.7	1.9	39.0	1.9	2.6	73.8	0.9	2.3	3.1	2.7	1.3	0.3	1.5	48.2	52.0
Rodney Stuckey	554	28.7	13.3	4.7	11.2	42.5	0.4	1.4	30.5	3.4	4.1	82.7	0.7	2.3	3.0	3.8	0.9	0.2	1.9	44.5	51.4
Lucius Allen	702	28.7	13.4	5.5	11.9	46.3	-	-	-	2.3	3.1	76.0	1.0	2.3	3.1	4.5	1.5	0.3	2.3	46.3	50.4
Paul Millsap	687	28.7	13.5	5.2	10.3	50.3	0.3	0.8	34.0	2.9	3.9	72.8	2.3	4.9	7.3	2.0	1.3	1.0	1.7	51.6	56.1
Evan Turner	388	28.7	10.8	4.3	10.2	42.7	0.4	1.4	31.5	1.7	2.2	76.7	0.6	4.6	5.2	3.6	0.8	0.2	2.0	44.8	48.5
Terry Cummings	1,183	28.7	16.4	6.8	14.1	48.4	0.0	0.1	29.5	2.8	4.0	70.6	2.7	4.6	7.3	1.9	1.1	0.5	1.9	48.5	52.0
Jameer Nelson	714	28.6	12.2	4.6	10.6	44.0	1.3	3.6	37.1	1.6	1.9	81.3	0.5	2.5	3.1	5.3	0.9	0.1	2.2	50.4	53.5
Scott Wedman	906	28.6	13.2	5.7	11.8	48.1	0.1	0.3	33.5	1.7	2.1	79.4	1.7	3.1	4.8	2.0	0.9	0.3	1.3	48.5	51.5
Muggsy Bogues	889	28.6	7.7	3.2	7.0	45.8	0.1	0.4	27.8	1.2	1.4	82.7	0.6	2.0	2.6	7.6	1.5	0.0	1.6	46.7	50.6
A.C. Green	1,278	28.6	9.6	3.6	7.2	49.4	0.1	0.4	25.4	2.4	3.3	73.4	2.6	4.8	7.4	1.1	0.8	0.4	1.1	50.1	55.7
Mike Dunleavy	902	28.6	11.7	4.2	9.4	44.2	1.3	3.6	37.6	2.0	2.5	80.4	0.7	3.7	4.4	2.3	0.8	0.3	1.5	51.3	55.5
Dennis Scott	629	28.6	12.9	4.7	11.3	41.7	1.9	4.9	39.7	1.5	1.9	79.3	0.6	2.2	2.8	2.1	0.8	0.3	1.2	50.2	53.0
Al Harrington	981	28.6	13.5	5.1	11.5	44.4	1.0	2.8	35.2	2.2	3.1	72.7	1.5	4.1	5.6	1.7	0.9	0.3	1.9	48.7	52.3
Bill Cartwright	963	28.5	13.2	4.8	9.2	52.5	0.0	0.0	0.0	3.5	4.6	77.1	1.9	4.5	6.3	1.4	0.5	0.7	2.0	52.5	58.8
Boris Diaw	915	28.5	9.1	3.8	7.7	49.4	0.5	1.4	34.0	1.1	1.5	71.5	1.3	3.4	4.6	3.6	0.7	0.5	1.9	52.4	54.7
Ron Boone	379	28.5	13.9	5.6	12.4	45.4	0.1	0.2	33.7	2.6	3.0	85.4	1.0	1.8	2.8	3.4	1.1	0.1	2.6	45.7	50.7
Cedric Maxwell	835	28.5	12.5	4.1	7.5	54.6	0.0	0.0	5.3	4.3	5.5	78.4	2.5	3.8	6.3	2.2	0.8	0.5	2.2	54.6	62.9
Sam Perkins	1,286	28.5	11.9	4.3	9.3	45.9	0.7	1.8	36.2	2.7	3.3	81.1	1.8	4.2	6.0	1.5	0.9	0.7	1.2	49.4	55.2
Curtis Perry	480	28.4	9.5	4.0	8.7	45.5	-	-	-	1.6	2.3	69.9	3.2	6.1	8.8	1.9	1.2	0.9	1.4	45.5	49.0
Armen Gilliam	929	28.4	13.7	5.2	10.7	48.9	0.0	0.0	0.0	3.3	4.2	77.6	2.3	4.6	6.9	1.2	0.7	0.7	1.9	48.9	54.7
Vernon Maxwell	855	28.4	12.8	4.6	11.6	39.8	1.5	4.6	32.0	2.1	2.9	73.3	0.4	2.1	2.6	3.4	1.1	0.2	1.9	46.2	49.8
Grant Long	1,003	28.4	9.5	3.5	7.4	46.7	0.1	0.3	28.3	2.5	3.3	76.1	2.2	4.0	6.1	1.7	1.2	0.4	1.6	47.2	53.6
Wayman Tisdale	840	28.4	15.3	6.4	12.6	50.5	0.0	0.0	0.0	2.6	3.4	76.0	1.9	4.2	6.1	1.3	0.6	0.6	1.7	50.5	54.3
David Greenwood	823	28.4	10.2	4.0	8.3	47.7	0.0	0.0	13.8	2.3	3.1	76.5	2.3	5.6	7.9	2.0	0.7	0.9	1.8	47.8	53.2
Robert Parish	1,611	28.4	14.5	6.0	11.1	53.7	0.0	0.0	0.0	2.5	3.5	72.1	2.9	6.3	9.1	1.4	0.8	1.5	2.1	53.7	57.1
Swen Nater	489	28.4	12.2	5.0	9.3	53.7	0.0	0.0	25.0	2.2	2.9	76.0	3.1	7.7	10.8	2.0	0.5	0.5	2.4	53.7	57.7
Dick McGuire	738	28.3	8.0	2.8	7.1	38.9	-	-	-	2.5	3.8	64.4	-	-	4.2	5.7	-	-	-	38.9	45.5
Brian Grant	756	28.3	10.5	4.1	8.4	49.0	0.0	0.0	21.4	2.3	3.1	74.6	2.4	5.0	7.4	1.2	0.6	0.7	1.6	49.1	54.0
Bill Walton	468	28.3	13.3	5.5	10.5	52.1	0.0	0.0	0.0	2.4	3.6	66.0	2.4	8.2	10.5	3.4	0.8	2.2	2.7	52.1	55.1
Max Zaslofsky	540	28.3	14.8	5.3	15.4	34.3	-	-	-	4.2	5.5	76.9	-	-	2.8	2.0	-	-	-	34.3	41.5
Mike Miller	965	28.3	11.3	4.1	9.0	46.0	1.6	4.0	40.7	1.4	1.8	76.9	0.6	3.8	4.4	2.7	0.6	0.2	1.6	55.0	57.7
Wesley Person	733	28.3	11.2	4.3	9.3	45.7	1.6	3.8	41.8	1.1	1.4	77.8	0.6	2.7	3.3	1.7	0.8	0.3	0.9	54.1	56.2
Brad Miller	868	28.3	11.2	4.0	8.3	48.0	0.2	0.7	33.0	3.0	3.8	80.4	2.0	5.2	7.1	2.8	0.7	0.7	1.6	49.4	56.4
Johnny Davis	750	28.3	12.9	4.9	11.0	44.8	0.0	0.2	17.6	3.0	3.7	82.1	0.7	1.3	2.0	4.5	0.9	0.2	2.1	45.0	51.2
Arnie Risen	637	28.3	12.0	4.1	10.8	38.1	-	-	-	3.8	5.4	69.9	-	-	9.7	1.7	-	-	-	38.1	45.6
Orlando Woolridge	851	28.3	16.0	6.1	11.8	51.3	0.0	0.1	9.1	3.9	5.3	73.7	1.6	2.7	4.3	1.9	0.6	0.7	2.1	51.3	56.7
Serge Ibaka	446	28.2	11.4	4.8	9.0	53.3	0.3	0.7	37.2	1.5	2.0	74.4	2.5	5.0	7.5	0.5	0.4	2.6	1.3	54.8	57.5
Corey Maggette	827	28.2	16.0	4.9	10.8	45.3	0.6	1.7	32.4	5.6	6.8	82.2	1.1	3.8	4.9	2.1	0.7	0.2	2.3	47.9	57.7
LaPhonso Ellis	624	28.2	11.9	4.6	10.3	45.2	0.4	1.3	30.2	2.2	3.0	73.0	2.1	4.3	6.5	1.6	0.7	0.8	1.6	47.1	51.2
Ken Sears	529	28.2	13.9	4.7	10.2	45.5	-	-	-	4.6	5.6	82.6	-	-	7.8	1.6	-	-	-	45.5	54.8
Ray Williams	655	28.2	15.5	6.0	13.4	45.1	0.1	0.6	23.7	3.3	4.1	80.2	1.2	2.4	3.6	5.8	1.8	0.3	3.2	45.6	50.9
Byron Scott	1,073	28.1	14.1	5.5	11.4	48.2	0.7	2.0	37.0	2.3	2.8	83.3	0.6	2.2	2.8	2.5	1.1	0.3	1.5	51.4	55.6
Arron Afflalo	577	28.1	11.4	4.1	9.1	45.3	1.2	3.0	38.5	2.0	2.5	81.9	0.5	2.5	3.0	2.0	0.5	0.2	1.2	51.7	56.1
Raja Bell	706	28.1	9.9	3.7	8.4	43.4	1.4	3.3	40.6	1.2	1.6	79.9	0.6	2.2	2.8	1.7	0.7	0.2	1.0	51.4	54.4
Bryant Stith	586	28.0	10.1	3.4	8.1	42.4	0.5	1.6	32.9	2.7	3.2	84.1	1.0	2.4	3.4	2.0	1.0	0.2	1.3	45.6	53.1
Phil Ford	482	28.0	11.6	4.4	9.5	46.7	0.1	0.2	21.0	2.7	3.3	82.0	0.3	1.4	1.8	6.4	1.2	0.1	2.8	46.9	53.1
Ricky Sobers	821	28.0	13.3	5.2	11.3	45.9	0.2	0.5	29.1	2.8	3.3	84.3	0.8	1.8	2.6	4.3	1.3	0.2	3.0	46.6	52.2
Scott Skiles	600	28.0	11.1	3.8	8.8	43.5	0.9	2.3	37.9	2.6	2.9	88.9	0.5	2.1	2.5	6.5	0.8	0.0	2.5	48.5	55.2
Darrell Griffith	765	28.0	16.2	6.8	14.8	46.3	0.7	2.1	33.2	1.8	2.6	70.7	1.0	2.3	3.3	2.1	1.2	0.3	2.1	48.7	50.9
Tyrone Hill	801	28.0	9.4	3.5	7.0	50.2	0.0	0.0	0.0	2.3	3.6	64.3	3.0	5.6	8.6	0.8	0.8	0.5	1.6	50.2	54.4
Mike Bantom	706	27.9	12.1	4.9	10.4	46.8	0.0	0.0	20.0	2.4	3.4	69.2	2.3	4.1	6.4	2.3	0.9	0.7	2.4	46.8	50.8
Walter Davis	1,033	27.9	18.9	7.9	15.4	51.1	0.2	0.6	27.2	3.0	3.6	85.1	0.9	2.1	3.0	3.8	1.2	0.1	2.5	51.6	55.8
Gene Banks	468	27.9	11.3	4.6	8.5	53.9	0.0	0.1	4.3	2.2	3.0	73.0	2.2	3.7	5.8	2.9	0.9	0.2	1.8	53.9	57.9
Jarrett Jack	771	27.9	11.0	3.9	8.9	44.3	0.7	2.1	34.8	2.4	2.8	85.4	0.3	2.5	2.8	4.4	0.8	0.1	2.0	48.4	54.2
George Hill	476	27.9	11.2	3.9	8.7	45.1	1.1	3.0	37.0	2.2	2.7	80.6	0.5	2.5	3.1	3.2	0.9	0.3	1.3	51.5	56.3
Stu Lantz	547	27.9	12.4	4.5	10.4	43.5	-	-	-	3.4	4.1	81.4	0.8	1.4	3.3	2.9	0.7	0.1	-	43.5	50.8
Paul Silas	1,254	27.9	9.4	3.4	7.9	43.2	0.0	0.0	0.0	2.5	3.8	67.3	3.6	5.6	9.9	2.1	0.6	0.2	1.4	43.1	48.9
Sam Jones	871	27.9	17.7	7.2	15.8	45.6	-	-	-	3.3	4.1	80.3	-	-	4.9	2.5	-	-	-	45.6	50.3
Trevor Ariza	714	27.9	10.1	3.7	8.5	42.9	1.1	3.1	34.8	1.7	2.3	70.9	1.1	3.6	4.8	2.1	1.4	0.3	1.5	49.2	52.6
Shawn Kemp	1,051	27.9	14.6	5.2	10.7	48.8	0.0	0.1	27.7	4.1	5.5	74.1	2.9	5.5	8.4	1.6	1.1	1.2	2.6	49.0	55.5
Mario Chalmers	519	27.8	8.9	3.1	7.2	42.2	1.3	3.5	36.2	1.5	1.9	77.5	0.3	2.1	2.4	3.8	1.5	0.1	1.9	51.0	54.9
Anthony Parker	494	27.8	9.1	3.4	7.6	44.4	1.2	3.0	40.4	1.1	1.4	79.4	0.5	2.7	3.2	2.3	0.9	0.2	1.0	52.3	55.2
Bob Wilkerson	536	27.8	10.1	4.2	9.9	42.5	0.0	0.1	16.7	1.7	2.2	75.1	1.1	3.1	4.2	3.4	1.3	0.3	2.5	42.6	46.4
Chris Ford	794	27.8	9.2	4.0	8.7	46.0	0.2	0.4	37.5	1.1	1.5	73.1	1.1	1.8	3.0	3.4	1.6	0.3	1.8	46.9	49.4
Terry Porter	1,274	27.8	12.2	4.3	9.2	46.3	1.0	2.6	38.6	2.7	3.2	83.6	0.6	2.5	3.0	5.6	1.2	0.1	2.1	51.8	57.6
Dee Brown	608	27.7	11.1	4.2	9.6	43.6	1.0	2.8	35.7	1.8	2.1	82.5	0.5	2.1	2.6	3.7	1.3	0.3	1.5	48.8	52.8
T.J. Ford	429	27.7	11.2	4.3	9.8	43.3	0.3	1.0	28.9	2.4	2.9	81.5	0.7	2.4	3.1	5.8	1.2	0.1	2.4	44.8	50.3
Vern Fleming	893	27.7	11.3	4.4	8.9	49.8	0.0	0.2	18.1	2.4	3.2	76.4	1.1	2.3	3.4	4.8	1.0	0.1	2.0	50.1	55.0
Woody Sauldsberry	462	27.7	10.7	4.7	13.6	34.8	-	-	-	1.2	2.0	61.0	-	-	7.8	1.1	-	-	-	34.8	36.9
Mickey Johnson	904	27.7	14.1	5.2	11.7	44.9	0.0	0.2	16.5	3.6	4.5	80.0	2.4	4.7	7.2	3.0	1.1	0.7	2.9	45.0	51.7
Jeff McInnis	576	27.7	9.4	3.8	8.8	43.1	0.5	1.6	32.8	1.2	1.6	79.6	0.4	1.6	2.0	4.4	0.6	0.1	1.4	46.1	49.3
Ryan Gomes	487	27.6	10.1	3.9	8.7	44.5	0.7	2.0	34.9	1.7	2.1	79.9	1.3	3.3	4.6	1.5	0.7	0.2	1.1	48.4	52.5
Sherman Douglas	765	27.6	11.0	4.4	9.0	48.4	0.2	0.8	26.7	2.1	3.1	67.8	0.7	1.5	2.2	5.9	1.0	0.1	2.3	49.5	53.2
Antonio McDyess	1,015	27.6	12.0	5.0	10.0	49.7	0.0	0.1	11.7	2.1	3.1	67.0	2.4	5.1	7.5	1.3	0.8	1.1	1.6	49.7	52.9
Sam Bowie	511	27.6	10.9	4.2	9.2	45.2	0.1	0.2	30.2	2.5	3.3	74.8	2.3	5.2	7.5	2.1	0.5	1.8	1.9	45.6	51.0
Sleepy Floyd	957	27.6	12.8	4.6	10.5	44.4	0.5	1.7	32.4	3.0	3.6	81.5	0.7	2.0	2.6	5.4	1.2	0.2	2.4	47.0	53.1
Bruce Bowen	873	27.6	6.1	2.2	5.5	40.9	0.9	2.4	39.3	0.7	1.2	57.5	0.5	2.2	2.8	1.2	0.8	0.4	0.7	49.4	50.8
John Lucas	928	27.5	10.7	4.2	9.4	44.9	0.3	0.9	30.3	2.0	2.6	77.6	0.5	1.8	2.3	7.0	1.4	0.1	2.1	46.3	50.9
Lonnie Shelton	673	27.5	12.0	5.1	10.3	49.2	0.0	0.0	9.7	1.8	2.4	73.8	2.1	4.0	6.1	2.2	1.1	0.8	2.2	49.2	52.4
Alvan Adams	988	27.5	14.1	5.8	11.6	49.8	0.0	0.0	13.3	2.5	3.2	78.8	2.0	5.0	7.0	4.1	1.3	0.8	2.6	49.8	54.1
Greg Ballard	802	27.5	12.4	5.3	11.1	47.2	0.1	0.3	33.8	1.8	2.3	78.7	1.8	4.3	6.1	2.2	1.1	0.3	1.3	47.7	51.1
Gerald Henderson	391	27.5	12.0	4.6	10.3	44.3	0.4	1.2	30.9	2.5	3.2	79.4	0.6	2.7	3.4	2.1	0.7	0.4	1.3	46.0	51.3
Johnny Dawkins	541	27.5	11.1	4.4	9.6	45.6	0.3	1.0	33.0	2.0	2.3	85.7	0.6	1.9	2.5	5.5	1.1	0.1	2.0	47.4	52.2
Billy Knight	671	27.4	15.7	6.1	12.0	50.6	0.1	0.2	27.4	3.6	4.3	83.0	1.7	2.8	4.5	2.1	0.9	0.1	2.1	50.8	56.8
Lionel Hollins	673	27.4	11.6	4.8	10.7	44.4	0.0	0.1	14.9	2.1	2.8	74.1	0.6	1.8	2.4	4.5	1.6	0.3	2.6	44.5	48.6
Alvin Williams	460	27.4	9.0	3.6	8.6	42.1	0.5	1.4	31.3	1.4	1.8	76.0	0.5	1.9	2.5	4.1	1.2	0.2	1.4	44.8	48.3
Delonte West	432	27.4	9.7	3.7	8.3	44.8	0.9	2.3	37.2	1.4	1.7	82.6	0.5	2.4	2.9	3.6	1.1	0.4	1.6	50.1	53.8
Danny Manning	883	27.4	14.0	5.7	11.1	51.1	0.0	0.2	20.6	2.6	3.5	72.9	1.7	3.5	5.2	2.3	1.1	0.9	2.1	51.3	55.2
James Donaldson	957	27.4	8.6	3.2	5.7	57.1	0.0	0.0	0.0	2.1	2.8	73.2	2.2	5.7	7.8	0.8	0.4	1.3	1.5	57.1	61.8
Kenny Thomas	632	27.4	9.3	3.7	7.9	46.5	0.1	0.4	24.4	1.9	2.7	69.9	2.3	4.6	6.9	1.5	0.8	0.4	1.7	47.1	51.4
Ben Gordon	744	27.4	14.9	5.3	12.2	43.2	1.6	3.9	40.1	2.8	3.2	85.7	0.4	2.0	2.5	2.5	0.7	0.2	2.1	49.7	54.6
Terry Dischinger	652	27.4	13.8	5.3	10.5	50.6	-	-	-	3.2	4.2	75.8	-	-	5.6	1.8	-	-	-	50.6	55.9
George Senesky	482	27.3	7.2	2.7	8.5	31.3	-	-	-	1.9	2.6	70.2	-	-	3.5	3.2	-	-	-	31.3	37.2
Eric Snow	846	27.3	6.8	2.5	6.0	42.4	0.1	0.3	20.8	1.7	2.2	76.3	0.5	2.0	2.5	5.0	1.2	0.1	1.6	43.0	49.2
Troy Murphy	729	27.3	10.8	3.9	8.8	44.5	0.8	2.2	38.8	2.1	2.7	78.5	1.9	5.9	7.8	1.5	0.7	0.4	1.2	49.3	54.1
Robert Reid	919	27.3	11.4	4.8	10.6	45.8	0.1	0.4	29.1	1.6	2.2	73.2	1.3	3.3	4.5	2.7	1.1	0.4	1.4	46.3	49.4
Bob Leonard	426	27.3	9.9	3.7	10.6	34.9	-	-	-	2.5	3.3	74.5	-	-	2.9	3.3	-	-	-	34.9	40.9
Doc Rivers	864	27.3	10.9	3.8	8.6	44.4	0.4	1.3	32.8	2.8	3.6	78.4	0.7	2.3	3.0	5.7	1.8	0.4	1.9	46.9	53.4
Zydrunas Ilgauskas	843	27.2	13.0	5.0	10.5	47.6	0.0	0.1	31.0	3.0	3.8	78.0	2.9	4.4	7.3	1.1	0.5	1.6	1.8	47.8	53.4
Howard Komives	742	27.2	10.2	4.0	10.3	38.8	-	-	-	2.2	2.6	83.0	0.2	0.8	2.4	4.0	0.7	0.1	-	38.8	44.4
Jim Paxson	784	27.2	14.3	5.8	11.7	49.8	0.1	0.6	22.5	2.6	3.2	80.7	0.7	1.4	2.0	2.9	1.2	0.1	1.5	50.3	54.7
Morris Peterson	711	27.2	10.7	3.9	9.2	41.8	1.4	3.8	37.3	1.6	2.0	77.3	0.8	2.7	3.5	1.5	0.9	0.2	1.0	49.5	52.9
Tom Henderson	650	27.2	9.4	3.7	8.6	43.3	0.0	0.0	0.0	1.9	2.6	73.9	0.6	1.7	2.3	4.8	1.2	0.1	1.7	43.3	48.0
Eddie Johnson	1,199	27.2	16.0	6.4	13.6	47.2	0.5	1.4	33.5	2.7	3.2	84.0	1.5	2.5	4.0	2.1	0.6	0.2	1.7	48.9	53.3
Cazzie Russell	817	27.2	15.1	6.3	13.7	46.4	-	-	-	2.5	3.0	82.7	1.1	2.2	3.8	2.2	0.8	0.1	1.0	46.4	50.6
Voshon Lenard	565	27.2	11.9	4.3	10.4	41.5	1.7	4.3	38.4	1.6	2.1	78.7	0.6	2.2	2.8	2.1	0.8	0.2	1.3	49.4	52.6
Randy Foye	602	27.2	11.5	4.0	9.9	40.7	1.6	4.3	37.5	1.8	2.1	85.3	0.4	1.9	2.3	3.0	0.8	0.3	1.6	48.8	53.0
Chris Kaman	719	27.2	11.4	4.7	9.7	48.9	0.0	0.0	0.0	1.9	2.5	74.2	2.1	5.7	7.7	1.3	0.4	1.3	2.1	48.9	52.5
Paul Pressey	724	27.2	10.6	3.9	8.1	48.5	0.1	0.5	22.2	2.6	3.5	74.9	1.2	2.6	3.9	5.1	1.4	0.6	2.3	49.1	54.8