PlayerID	PlayerTrueName	PlayerTeams	SimplePlusMinus	SimplePF	SimplePA	SimplePoss	SimpleMin	SimplePlusMinusPer200	WeightedPlusMinusOffCourt	WeightedPFOffCourt	WeightedPAOffCourt	WeightedPossOffCourt	WeightedMinOffCourt	WeightedPlusMinusPer200OffCourt	WeightedPlusMinusPer200OnCourt	WeightedPlusMinusPer200OnCourtMinusOffCourt
1	Howard, Josh	DAL	483	5213	4730	9545	2455.5667	10.1205	109	2988	2879	5903	1495.4333	3.693	10.1205	6.4275
2	Thomas, Kurt	PHX	246	2695	2449	4915	1208.4000	10.0102	353	6342	5989	11456	2772.6000	6.1627	10.0102	3.8475
3	Dampier, Erick	DAL	438	4021	3583	7355	1915.4167	11.9103	154	4180	4026	8093	2035.5833	3.8058	11.9103	8.1045
4	Marion, Shawn	PHX	600	7011	6411	12433	3010.3667	9.65173	-1	2026	2027	3938	970.6333	-0.0508	9.6517	9.7025
5	Nowitzki, Dirk	DAL	627	6076	5449	10963	2820.6000	11.4385	-35	2125	2160	4485	1130.4000	-1.5608	11.4385	12.9993
6	Terry, Jason	DAL	566	6039	5473	11009	2846.2833	10.2825	26	2162	2136	4439	1104.7167	1.1714	10.2825	9.1111
7	Bell, Raja	PHX	505	6658	6153	12021	2917.4000	8.40196	94	2379	2285	4350	1063.6000	4.3218	8.402	4.0802
8	Nash, Steve	PHX	609	6363	5754	11070	2682.4833	11.0027	-10	2674	2684	5301	1298.5167	-0.3773	11.0027	11.38
9	Christie, Doug	LAC	-34	141	175	321	81.9167	-21.1838	-4	7702	7706	15156	3864.0833	-0.0528	-21.1838	-21.131
10	Jones, James	PHX	174	2940	2766	5563	1360.5333	6.25562	425	6097	5672	10808	2620.4667	7.8645	6.2556	-1.6089
12	Diaw, Boris	PHX	205	5040	4835	9245	2267.3667	4.43483	394	3997	3603	7126	1713.6333	11.0581	4.4348	-6.6233
14	Daniels, Marquis	IND	-76	1556	1632	3221	800.3333	-4.71903	-124	6284	6408	12644	3155.6667	-1.9614	-4.719	-2.7576
15	Harris, Devin	DAL	567	4434	3867	8159	2081.2500	13.8988	25	3767	3742	7289	1869.7500	0.686	13.8988	13.2128
16	Barbosa, Leandro	PHX	463	6018	5555	10786	2613.4500	8.5852	136	3019	2883	5585	1367.5500	4.8702	8.5852	3.715
17	Diop, DeSagana	DAL	83	2913	2830	5789	1479.8000	2.86751	509	5288	4779	9659	2471.2000	10.5394	2.8675	-7.6719
19	Armstrong, Darrell	IND	-57	2547	2604	5187	1271.7833	-2.1978	-143	5293	5436	10678	2684.2167	-2.6784	-2.1978	0.4806
20	House, Eddie	NJN	-70	1961	2031	3880	945.5000	-3.60825	7	6040	6033	11910	3030.5000	0.1175	-3.6082	-3.7257
21	Martin, Kenyon	DEN	-9	129	138	274	62.6000	-6.56934	142	8510	8368	16361	3893.4000	1.7358	-6.5693	-8.3051
22	Nesterovic, Rasho	TOR	102	3351	3249	6494	1676.4000	3.14136	-21	4808	4829	9348	2274.6000	-0.4493	3.1414	3.5907
23	Camby, Marcus	DEN	116	5298	5182	10011	2371.2000	2.31745	17	3341	3324	6624	1584.8000	0.5133	2.3175	1.8042
24	Ginobili, Manu	SAS	544	4368	3824	8164	2058.2333	13.3268	146	3710	3564	7236	1897.7667	4.0354	13.3268	9.2914
25	Anthony, Carmelo	DEN	87	5567	5480	10436	2485.6333	1.66731	46	3072	3026	6199	1470.3667	1.4841	1.6673	0.1832
26	Duncan, Tim	SAS	751	5694	4943	10512	2726.1667	14.2884	-61	2384	2445	4888	1229.8333	-2.4959	14.2884	16.7843
28	Bowen, Bruce	SAS	590	5014	4424	9505	2464.1167	12.4145	100	3064	2964	5895	1491.8833	3.3927	12.4145	9.0218
29	Finley, Michael	SAS	177	3697	3520	7099	1823.2000	4.98662	513	4381	3868	8301	2132.8000	12.36	4.9866	-7.3734
30	Parker, Tony	SAS	513	5161	4648	9713	2499.0500	10.5632	177	2917	2740	5687	1456.9500	6.2247	10.5632	4.3385
31	Miller, Andre	DEN, PHI	-16	6173	6189	11896	2966.1333	-0.268998	-120	4393	4512	8864	2192.4000	-3.6849	-0.310997	3.37391
32	Horry, Robert	SAS	193	2229	2036	4410	1123.9833	8.75283	497	5849	5352	10990	2832.0167	9.0446	8.7528	-0.2918
33	Barry, Brent	SAS	220	3393	3173	6426	1631.1000	6.84718	470	4685	4215	8974	2324.9000	10.4747	6.8472	-3.6275
34	Hilario, Nene	DEN	120	3713	3593	7118	1713.1333	3.37173	13	4926	4913	9517	2242.8667	0.2732	3.3717	3.0985
35	Boykins, Earl	DEN, MIL	-256	4201	4457	8394	2031.1167	-6.09959	1	6245	6244	11927	2930.0833	-0.109663	-6.31264	-6.20298
36	Najera, Eduardo	DEN	15	3636	3621	6966	1657.9667	0.430663	118	5003	4885	9669	2298.0333	2.4408	0.4307	-2.0101
37	Oberto, Fabricio	SAS	200	2796	2596	5287	1365.4167	7.56573	490	5282	4792	10113	2590.5833	9.6905	7.5657	-2.1248
39	Buckner, Greg	DAL	19	2746	2727	5433	1371.5167	0.699429	573	5455	4882	10015	2579.4833	11.4428	0.6994	-10.7434
40	Mohammed, Nazr	DET	-34	1506	1540	2936	773.4500	-2.31608	375	6366	5991	12196	3202.5500	6.1496	-2.3161	-8.4657
41	Johnson, DerMarr	DEN	-53	815	868	1799	419.1833	-5.89216	186	7824	7638	14836	3536.8167	2.5074	-5.8922	-8.3996
42	Elson, Francisco	SAS	142	2650	2508	5178	1334.6000	5.48474	548	5428	4880	10222	2621.4000	10.722	5.4847	-5.2373
44	Webber, Chris	DET, PHI	103	3621	3518	6872	1820.7500	2.99767	90	5750	5660	11323	2918.0833	2.05376	3.06864	1.01488
45	Redd, Michael	MIL	-1	4366	4367	8176	2036.1000	-0.0244618	-358	3806	4164	7662	1934.9000	-9.3448	-0.0245	9.3203
46	Iverson, Allen	DEN, PHI	-11	5890	5901	11506	2761.3333	-0.191204	27	4621	4595	8966	2182.9500	1.1742	-0.21118	-1.38538
47	Ford, T.J.	TOR	33	4569	4536	8954	2234.9833	0.737101	48	3590	3542	6888	1716.0167	1.3937	0.7371	-0.6566
48	Simmons, Bobby	MIL	0	0	0	0	0.0000	NULL	-359	8172	8531	15838	3971.0000	-4.5334	NULL	NULL
49	Bogut, Andrew	MIL	-128	4637	4765	8956	2253.3167	-2.85842	-231	3535	3766	6882	1717.6833	-6.7132	-2.8584	3.8548
50	Hunter, Steven	PHI	-278	2962	3240	6256	1604.6667	-8.88747	30	4823	4793	9366	2371.3333	0.6406	-8.8875	-9.5281
51	Magloire, Jamaal	POR	-252	3159	3411	6435	1703.4333	-7.83217	-100	4558	4658	8844	2287.5667	-2.2614	-7.8322	-5.5708
52	Iguodala, Andre	PHI	-212	5996	6208	11988	3061.7167	-3.53687	-36	1789	1825	3634	914.2833	-1.9813	-3.5369	-1.5556
54	Korver, Kyle	PHI	-177	4508	4685	9132	2288.1833	-3.87648	-71	3277	3348	6490	1687.8167	-2.188	-3.8765	-1.6885
55	Williams, Mo	MIL	-90	5194	5284	9876	2471.3333	-1.8226	-269	2978	3247	5962	1499.6667	-9.0238	-1.8226	7.2012
56	Gadzuric, Dan	MIL	-102	1700	1802	3339	840.2833	-6.10961	-257	6472	6729	12499	3130.7167	-4.1123	-6.1096	-1.9973
59	Salmons, John	SAC	-194	4393	4587	8724	2139.3333	-4.4475	41	3924	3883	7520	1831.6667	1.10691	-4.47066	-5.57757
60	Bell, Charlie	MIL	-252	5842	6094	11335	2847.9167	-4.4464	-107	2330	2437	4503	1123.0833	-4.7524	-4.4464	0.306
61	Ollie, Kevin	PHI	-172	1672	1844	3513	919.0333	-9.7922	-76	6113	6189	12109	3056.9667	-1.2553	-9.7922	-8.5369
62	Wells, Bonzi	HOU	7	1075	1068	2257	590.1500	0.620292	391	6878	6487	13432	3380.8500	5.8219	0.6203	-5.2016
63	Smith, J.R.	DEN	103	3289	3186	6203	1471.2333	3.32097	30	5350	5320	10432	2484.7667	0.5752	3.321	2.7458
64	Abdur-Rahim, Shareef	SAC	-185	4150	4335	8160	2014.7833	-4.53431	41	4153	4112	8047	1946.2167	1.019	-4.5343	-5.5533
65	Miller, Brad	SAC	88	3823	3735	7321	1783.4500	2.40404	-232	4480	4712	8886	2177.5500	-5.2217	2.404	7.6257
66	Brown, Collier (P.J.)	CHI	196	2917	2721	5764	1453.0833	6.80083	215	5183	4968	10281	2502.9167	4.1825	6.8008	2.6183
67	Stojakovic, Peja	NOK	11	866	855	1682	425.0833	1.30797	-140	6967	7107	13866	3550.9167	-2.0193	1.308	3.3273
68	Bibby, Mike	SAC	-35	5986	6021	11534	2784.0167	-0.606901	-109	2317	2426	4673	1176.9833	-4.6651	-0.6069	4.0582
69	West, David	NOK	32	3919	3887	7427	1899.7333	0.861721	-161	3914	4075	8121	2076.2667	-3.965	0.8617	4.8267
70	Paul, Chris	NOK	-47	4813	4860	9241	2352.8000	-1.01721	-82	3020	3102	6307	1623.2000	-2.6003	-1.0172	1.5831
71	Nachbar, Bostjan	NJN	-17	3069	3086	6179	1527.7500	-0.550251	-46	4932	4978	9611	2448.2500	-0.9572	-0.5503	0.4069
72	Claxton, Speedy	ATL	-115	1935	2050	4116	1054.1000	-5.58795	-273	5747	6020	11401	2921.9000	-4.7891	-5.5879	-0.7988
74	Thomas, Kenny	SAC	-179	2859	3038	5675	1411.8667	-6.30837	35	5444	5409	10532	2549.1333	0.6646	-6.3084	-6.973
75	Hart, Jason	LAC, SAC	-36	1695	1731	3331	845.2667	-2.16151	-32	6562	6593	12948	3278.1000	-0.456178	-2.0974	-1.64122
76	Butler, Rasual	NOK	-92	4242	4334	8638	2222.8333	-2.13012	-37	3591	3628	6910	1753.1667	-1.0709	-2.1301	-1.0592
77	Martin, Kevin	SAC	-154	5999	6153	11621	2818.3667	-2.65037	10	2304	2294	4586	1142.6333	0.4361	-2.6504	-3.0865
78	Skinner, Brian	MIL	-119	3100	3219	5993	1522.9667	-3.9713	-240	5072	5312	9845	2448.0333	-4.8756	-3.9713	0.9043
79	Mason, Desmond	NOK	-156	5103	5259	10114	2575.2333	-3.08483	27	2730	2703	5434	1400.7667	0.9937	-3.0848	-4.0785
80	Garcia, Francisco	SAC	-25	2937	2962	5842	1409.1833	-0.855871	-119	5366	5485	10365	2551.8167	-2.2962	-0.8559	1.4403
82	Williamson, Corliss	SAC	62	2742	2680	5407	1337.3333	2.29332	-206	5561	5767	10800	2623.6667	-3.8148	2.2933	6.1081
83	Bass, Brandon	NOK	-19	318	337	654	167.3667	-5.8104	-110	7515	7625	14894	3808.6333	-1.4771	-5.8104	-4.3333
85	Price, Ronnie	SAC	-54	1149	1203	2298	562.6500	-4.69974	-90	7154	7244	13909	3398.3500	-1.2941	-4.6997	-3.4056
86	Johnson, Joe	ATL	-180	4569	4749	9144	2359.6167	-3.93701	-208	3113	3321	6373	1616.3833	-6.5275	-3.937	2.5905
87	Davis, Baron	GSW	239	5036	4797	9403	2221.0167	5.08348	-270	3697	3967	7477	1729.9833	-7.2221	5.0835	12.3056
88	Pachulia, Zaza	ATL	-99	3880	3979	7814	2025.6833	-2.53391	-289	3802	4091	7703	1950.3167	-7.5036	-2.5339	4.9697
89	Murphy, Troy	GSW, IND	-211	3756	3967	7512	1852.0500	-5.61768	-27	6149	6177	12204	2955.8667	-0.561187	-5.61193	-5.05074
90	Richardson, Jason	GSW	101	3778	3677	7162	1675.0333	2.82044	-132	4955	5087	9718	2275.9667	-2.7166	2.8204	5.537
91	Childress, Josh	ATL	-105	3965	4070	7946	2023.9667	-2.64284	-283	3717	4000	7571	1952.0333	-7.4759	-2.6428	4.8331
92	Dunleavy, Mike	GSW, IND	-82	5386	5468	10626	2580.5667	-1.54338	-86	5441	5527	10808	2619.3333	-1.7469	-1.5595	0.187407
93	Foyle, Adonal	GSW	-51	1046	1097	2027	475.0333	-5.03207	20	7687	7667	14853	3475.9667	0.2693	-5.0321	-5.3014
94	Smith, Josh	ATL	-206	5216	5422	10356	2647.3333	-3.97837	-182	2466	2648	5161	1328.6667	-7.0529	-3.9784	3.0745
95	Harrington, Al	GSW, IND	-28	5415	5443	10598	2562.7833	-0.528401	-98	5587	5685	11074	2667.7333	-1.77686	-0.573274	1.20358
96	Lue, Tyronn	ATL	-191	2911	3102	5786	1487.8667	-6.60214	-197	4771	4968	9731	2488.1333	-4.0489	-6.6021	-2.5532
97	Williams, Marvin	ATL	-193	4246	4439	8439	2180.3667	-4.574	-195	3436	3631	7078	1795.6333	-5.51	-4.574	0.936
98	Pietrus, Mickael	GSW	-176	4193	4369	8276	1937.0667	-4.25326	145	4540	4395	8604	2013.9333	3.3705	-4.2533	-7.6238
100	Stoudamire, Salim	ATL	-97	2040	2137	4153	1033.9333	-4.67132	-291	5642	5933	11364	2942.0667	-5.1214	-4.6713	0.4501
101	Biedrins, Andris	GSW	112	5278	5166	10084	2382.4333	2.22134	-143	3455	3598	6796	1568.5667	-4.2084	2.2213	6.4297
102	Batista, Esteban	ATL	-25	129	154	323	81.2000	-15.4799	-363	7553	7916	15194	3894.8000	-4.7782	-15.4799	-10.7017
103	Fisher, Derek	UTA	159	4807	4648	9081	2286.8833	3.50182	76	3515	3439	6624	1674.1167	2.2947	3.5018	1.2071
107	Cabarkapa, Zarko	GSW	0	0	0	0	0.0000	NULL	-31	8733	8764	16880	3951.0000	-0.3673	NULL	NULL
109	Ivey, Royal	ATL	-73	1038	1111	2118	538.3500	-6.8933	-315	6644	6959	13399	3437.6500	-4.7018	-6.8933	-2.1915
110	Hinrich, Kirk	CHI	310	5877	5567	11493	2839.8167	5.39459	101	2223	2122	4552	1116.1833	4.4376	5.3946	0.957
111	Wallace, Gerald	CHA	-246	5241	5487	10512	2639.8167	-4.68037	-59	2704	2763	5425	1360.4667	-2.1751	-4.6804	-2.5053
112	Nocioni, Andres	CHI	44	2859	2815	5744	1405.8000	1.53203	367	5241	4874	10301	2550.2000	7.1255	1.532	-5.5935
113	Duhon, Chris	CHI	174	3839	3665	7721	1899.6167	4.50719	237	4261	4024	8324	2056.3833	5.6944	4.5072	-1.1872
114	Knight, Brevin	CHA	-92	2520	2612	5163	1272.7833	-3.56382	-213	5425	5638	10774	2727.5000	-3.954	-3.5638	0.3902
115	Brezec, Primoz	CHA	-129	1638	1767	3308	838.4000	-7.79927	-176	6307	6483	12629	3161.8833	-2.7872	-7.7993	-5.0121
116	Rush, Kareem	SEA	0	0	0	0	0.0000	NULL	-237	8115	8352	15699	3961.4500	-3.0193	NULL	NULL
117	Okafor, Emeka	CHA	-113	4557	4670	9179	2328.3667	-2.46214	-192	3388	3580	6758	1671.9167	-5.6822	-2.4621	3.2201
118	Chandler, Tyson	NOK	-21	5059	5080	9853	2525.2500	-0.426266	-108	2774	2882	5695	1450.7500	-3.7928	-0.4263	3.3665
119	Gordon, Ben	CHI	351	5677	5326	11030	2703.9500	6.36446	60	2423	2363	5015	1252.0500	2.3928	6.3645	3.9717
120	Sweetney, Michael	CHI	29	759	730	1579	385.2500	3.67321	382	7341	6959	14466	3570.7500	5.2813	3.6732	-1.6081
121	Songaila, Darius	WAS	1	1467	1466	2845	699.6000	0.0702986	-43	7089	7132	13268	3266.4000	-0.6482	0.0703	0.7185
122	Deng, Luol	CHI	419	6381	5962	12437	3071.5000	6.73796	-8	1719	1727	3608	884.5000	-0.4435	6.738	7.1815
123	Ely, Melvin	CHA, SAS	-95	545	640	1268	308.7333	-14.9842	-36	7601	7637	14967	3784.9167	-0.513032	-15.1041	-14.5911
124	Harrington, Othella	CHA	-39	390	429	888	220.2833	-8.78378	-266	7555	7821	15049	3780.0000	-3.5351	-8.7838	-5.2487
125	Thomas, Tim	LAC	167	4165	3998	8081	2053.8500	4.13315	-205	3678	3883	7396	1892.1500	-5.5435	4.1332	9.6767
126	Felton, Raymond	CHA	-117	5706	5823	11249	2831.5667	-2.08018	-188	2239	2427	4688	1168.7167	-8.0205	-2.0802	5.9403
127	May, Sean	CHA	1	1723	1722	3332	837.9500	0.060024	-306	6222	6528	12605	3162.3333	-4.8552	0.06	4.9152
128	Carroll, Matt	CHA	-114	3797	3911	7402	1877.3833	-3.08025	-191	4148	4339	8535	2122.9000	-4.4757	-3.0802	1.3955
129	Jones, Jumaine	PHX	-20	301	321	626	153.3833	-6.38978	619	8736	8117	15745	3827.6167	7.8628	-6.3898	-14.2526
130	Allen, Malik	CHI	71	1301	1230	2565	638.3000	5.53606	340	6799	6459	13480	3317.7000	5.0445	5.5361	0.4916
131	Piatkowski, Eric	PHX	-3	148	151	280	72.8000	-2.14286	602	8889	8287	16091	3908.2000	7.4824	-2.1429	-9.6253
132	Okur, Mehmet	UTA	36	5661	5625	10522	2659.7333	0.68428	199	2661	2462	5183	1301.2667	7.679	0.6843	-6.9947
133	Giricek, Gordan	UTA	159	2441	2282	4621	1188.3500	6.88163	76	5881	5805	11084	2772.6500	1.3713	6.8816	5.5103
134	McLeod, Keith	GSW, IND	-28	1535	1563	3018	717.8333	-1.85553	-97	7539	7636	14884	3593.2833	-1.33068	-1.89284	-0.562165
136	Kirilenko, Andrei	UTA	35	4269	4234	8103	2048.9333	0.863877	200	4053	3853	7602	1912.0667	5.2618	0.8639	-4.3979
137	Collins, Jarron	UTA	104	1809	1705	3596	913.2167	5.7842	131	6513	6382	12109	3047.7833	2.1637	5.7842	3.6205
138	Harpring, Matt	UTA	226	4210	3984	7798	1964.6833	5.79636	9	4112	4103	7907	1996.3167	0.2276	5.7964	5.5688
139	Williams, Deron	UTA	154	6274	6120	11712	2949.7500	2.62978	81	2048	1967	3993	1011.2500	4.0571	2.6298	-1.4273
140	Brown, Devin	NOK	-6	3325	3331	6487	1659.5333	-0.184985	-123	4508	4631	9061	2316.4667	-2.7149	-0.185	2.5299
141	Humphries, Kris	TOR	-39	1374	1413	2700	670.1167	-2.88889	120	6785	6665	13142	3280.8833	1.8262	-2.8889	-4.7151
143	O'Neal, Jermaine	IND	12	4878	4866	9721	2459.3333	0.246888	-212	2962	3174	6144	1496.6667	-6.901	0.2469	7.1479
144	Battie, Tony	ORL	1	2982	2981	5977	1574.7167	0.0334616	63	4789	4726	9347	2381.2833	1.348	0.0335	-1.3145
145	Artest, Ron	SAC	39	5606	5567	10714	2641.0500	0.728019	-183	2697	2880	5493	1319.9500	-6.663	0.728	7.391
146	Francis, Steve	NYK	-19	2524	2543	4898	1237.1667	-0.775827	-217	5468	5685	10878	2763.1167	-3.9897	-0.7758	3.2139
147	Jackson, Stephen	GSW, IND	141	5353	5212	10351	2480.1500	2.72437	-185	5617	5803	11202	2711.0500	-3.31116	2.64052	5.95167
148	Stevenson, DeShawn	WAS	-65	5300	5365	9882	2419.4667	-1.31552	23	3256	3233	6231	1546.5333	0.7382	-1.3155	-2.0537
149	Howard, Dwight	ORL	93	5986	5893	11694	3023.7667	1.59056	-29	1785	1814	3630	932.2333	-1.5978	1.5906	3.1884
150	Croshere, Austin	DAL	16	1396	1380	2923	727.2833	1.09477	576	6805	6229	12525	3223.7167	9.1976	1.0948	-8.1028
151	Turkoglu, Hedo	ORL	149	4595	4446	8813	2271.3000	3.38137	-85	3176	3261	6511	1684.7000	-2.611	3.3814	5.9924
152	Tinsley, Jamaal	IND	-91	4491	4582	9022	2246.1167	-2.01729	-109	3349	3458	6843	1709.8833	-3.1857	-2.0173	1.1684
153	Jasikevicius, Sarunas	GSW, IND	-103	1925	2028	4036	971.5500	-5.10406	-118	7038	7156	13929	3404.2500	-1.85509	-4.76985	-2.91476
154	Jones, Fred	POR, TOR	-219	2574	2793	5305	1322.2500	-8.25636	57	6585	6528	12711	3235.6167	1.0759	-8.24659	-9.32249
155	Granger, Danny	IND	-147	5581	5728	11183	2785.4333	-2.62899	-53	2259	2312	4682	1170.5667	-2.264	-2.629	-0.365
156	Outlaw, Bo	ORL	-3	890	893	1774	459.8833	-0.338219	67	6881	6814	13550	3496.1167	0.9889	-0.3382	-1.3271
158	Nelson, Jameer	ORL	-18	4630	4648	9109	2330.7000	-0.395213	82	3141	3059	6215	1625.3000	2.6388	-0.3952	-3.034
159	Harrison, David	IND	-46	352	398	803	190.0833	-11.457	-154	7488	7642	15062	3765.9167	-2.0449	-11.457	-9.4121
160	Cato, Kelvin	NYK	-22	165	187	398	94.9667	-11.0553	-214	7827	8041	15378	3905.3167	-2.7832	-11.0553	-8.2721
161	Garrity, Garrity	ORL	10	543	533	1054	277.3333	1.89753	54	7228	7174	14270	3678.6667	0.7568	1.8975	1.1407
163	Evans, Reggie	DEN	69	2383	2314	4673	1126.9833	2.95314	64	6256	6192	11962	2829.0167	1.0701	2.9531	1.883
164	Kaman, Chris	LAC	-176	4132	4308	8298	2176.0167	-4.24199	138	3711	3573	7179	1769.9833	3.8445	-4.242	-8.0865
165	Cassell, Sam	LAC	89	2873	2784	5584	1407.5833	3.18768	-127	4970	5097	9893	2538.4167	-2.5675	3.1877	5.7552
166	Allen, Ray	SEA	-55	4655	4710	8797	2214.4833	-1.25043	-182	3460	3642	6902	1746.9667	-5.2738	-1.2504	4.0234
167	Brand, Elton	LAC	22	6226	6204	12120	3077.8667	0.363036	-60	1617	1677	3357	868.1333	-3.5746	0.363	3.9376
168	Petro, Johan	SEA	-230	2947	3177	5964	1510.1000	-7.71294	-7	5168	5175	9735	2451.3500	-0.1438	-7.7129	-7.5691
169	Ross, Quinton	LAC	-117	3375	3492	6728	1700.1833	-3.478	79	4468	4389	8749	2245.8167	1.8059	-3.478	-5.2839
170	Lewis, Rashard	SEA	-26	4905	4931	9280	2347.9333	-0.560345	-211	3210	3421	6419	1613.5167	-6.5742	-0.5603	6.0139
171	Mobley, Cuttino	LAC	-23	5656	5679	11114	2841.0500	-0.413892	-15	2187	2202	4363	1104.9500	-0.6876	-0.4139	0.2737
172	Collison, Nick	SEA	-103	4824	4927	9353	2378.2000	-2.2025	-134	3291	3425	6346	1583.2500	-4.2231	-2.2025	2.0206
173	Ridnour, Luke	SEA	-162	4304	4466	8348	2086.5667	-3.88117	-75	3811	3886	7351	1874.8833	-2.0405	-3.8812	-1.8407
174	Murray, Ronald (Flip)	DET	40	2867	2827	5702	1476.7167	1.40302	301	5005	4704	9430	2499.2833	6.3839	1.403	-4.9809
175	Fortson, Danny	SEA	-5	319	324	603	158.0500	-1.65837	-232	7796	8028	15096	3803.4000	-3.0737	-1.6584	1.4153
176	Wilkins, Damien	SEA	-252	4106	4358	8095	2032.5000	-6.22607	15	4009	3994	7604	1928.9500	0.3945	-6.2261	-6.6206
177	Ewing, Daniel	LAC	46	1358	1312	2746	711.6833	3.35033	-84	6485	6569	12731	3234.3167	-1.3196	3.3503	4.6699
178	Singleton, James	LAC	-10	729	739	1497	376.1500	-1.33601	-28	7114	7142	13980	3569.8500	-0.4006	-1.336	-0.9354
180	Radmanovic, Vladimir	LAL	-113	1991	2104	3978	986.0167	-5.68125	107	6483	6376	12186	3019.9833	1.7561	-5.6812	-7.4373
181	Wilcox, Chris	SEA	-58	5445	5503	10228	2581.4833	-1.13414	-179	2670	2849	5471	1379.9667	-6.5436	-1.1341	5.4095
183	Rebraca, Zeljko	LAC	0	0	0	0	0.0000	NULL	-38	7843	7881	15477	3946.0000	-0.4911	NULL	NULL
185	Parker, William (Smush)	LAL	-81	5324	5405	10079	2457.5500	-1.6073	75	3150	3075	6085	1548.4500	2.4651	-1.6073	-4.0724
186	Bryant, Kobe	LAL	103	6775	6672	12760	3139.7833	1.61442	-109	1699	1808	3404	866.2167	-6.4042	1.6144	8.0186
187	Odom, Lamar	LAL	77	4704	4627	8899	2202.2833	1.73053	-83	3770	3853	7265	1803.7167	-2.2849	1.7305	4.0154
188	Mihm, Chris	LAL	0	0	0	0	0.0000	NULL	-6	8474	8480	16164	4006.0000	-0.0742	NULL	NULL
189	Brown, Kwame	LAL	75	2461	2386	4496	1131.6167	3.3363	-81	6013	6094	11668	2874.3833	-1.3884	3.3363	4.7247
190	George, Devean	DAL	79	2554	2475	5029	1282.9167	3.14178	513	5647	5134	10419	2668.0833	9.8474	3.1418	-6.7056
191	Cook, Brian	LAL	75	2202	2127	4122	1018.3000	3.63901	-81	6272	6353	12042	2987.7000	-1.3453	3.639	4.9843
192	McKie, Aaron	LAL	-11	249	260	520	130.9833	-4.23077	5	8225	8220	15644	3875.0167	0.0639	-4.2308	-4.2947
193	Vujacic, Sasha	LAL	-47	1937	1984	3708	934.2500	-2.53506	41	6537	6496	12456	3071.7500	0.6583	-2.5351	-3.1934
194	Bynum, Andrew	LAL	-116	3653	3769	7176	1793.6333	-3.233	110	4821	4711	8988	2212.3667	2.4477	-3.233	-5.6807
196	Williams, Jason	MIA	32	3714	3682	7264	1865.1000	0.881057	-107	4045	4152	8168	2105.9000	-2.62	0.8811	3.5011
197	Gasol, Pau	MEM	-239	4601	4840	8732	2132.5500	-5.47412	-183	3730	3913	7446	1863.4500	-4.9154	-5.4741	-0.5587
198	Battier, Shane	HOU	364	6005	5641	11784	2988.4167	6.17787	34	1948	1914	3905	982.5833	1.7414	6.1779	4.4365
199	Wright, Lorenzen	ATL	-136	1937	2073	3977	1035.7167	-6.83933	-252	5745	5997	11540	2940.2833	-4.3674	-6.8393	-2.4719
200	Walker, Antoine	MIA	-30	3514	3544	7070	1817.6333	-0.848656	-45	4245	4290	8362	2153.3667	-1.0763	-0.8487	0.2276
201	Haslem, Udonis	MIA	7	4965	4958	9717	2483.1167	0.144077	-82	2794	2876	5715	1487.8833	-2.8696	0.1441	3.0137
202	Jones, Eddie	MEM, MIA	-50	3097	3147	6227	1592.1833	-1.60591	-210	6284	6494	12362	3120.6000	-3.36208	-1.36835	1.99373
203	O'Neal, Shaquille	MIA	40	2181	2141	4234	1134.7667	1.88947	-115	5578	5693	11198	2836.2333	-2.0539	1.8895	3.9434
204	Wade, Dwayne	MIA	99	4000	3901	7657	1930.7000	2.58587	-174	3759	3933	7775	2040.3000	-4.4759	2.5859	7.0618
205	Stoudamire, Damon	MEM	-233	3038	3271	6012	1501.4000	-7.75116	-189	5293	5482	10166	2494.6000	-3.7183	-7.7512	-4.0329
206	Mourning, Alonzo	MIA	-80	3045	3125	6131	1571.8167	-2.60969	5	4714	4709	9301	2399.1833	0.1075	-2.6097	-2.7172
207	Payton, Gary	MIA	-209	2807	3016	5773	1502.7833	-7.2406	134	4952	4818	9659	2468.2167	2.7746	-7.2406	-10.0152
208	Tsakalidis, Jake	HOU, MEM	-30	713	743	1485	389.4500	-4.0404	-123	7817	7940	15197	3772.5500	-1.60985	-4.12638	-2.51653
209	Miller, Mike	MEM	-313	5672	5985	11034	2739.6667	-5.67337	-109	2659	2768	5144	1256.3333	-4.2379	-5.6734	-1.4355
210	Jackson, Bobby	NOK	31	2664	2633	5284	1329.5167	1.17335	-160	5169	5329	10264	2646.4833	-3.1177	1.1734	4.2911
211	Kapono, Jason	MIA	-22	3498	3520	6900	1767.4000	-0.637681	-53	4261	4314	8532	2203.6000	-1.2424	-0.6377	0.6047
212	Jones, Dahntay	MEM	-125	3493	3618	6609	1659.3167	-3.78272	-297	4838	5135	9569	2336.6833	-6.2075	-3.7827	2.4248
213	Roberts, Lawrence	MEM	-35	2025	2060	3903	968.6500	-1.79349	-387	6306	6693	12275	3027.3500	-6.3055	-1.7935	4.512
214	Wright, Dorell	MIA	-157	2433	2590	5034	1292.2667	-6.23758	82	5326	5244	10398	2678.7333	1.5772	-6.2376	-7.8148
215	Barron, Earl	MIA	-21	367	388	771	202.5667	-5.44747	-54	7392	7446	14661	3768.4333	-0.7366	-5.4475	-4.7109
216	Simien, Wayne	MIA	-25	152	177	349	92.7833	-14.3266	-50	7607	7657	15083	3878.2167	-0.663	-14.3266	-13.6636
218	Warrick, Hakim	MEM	-403	4359	4762	8656	2152.4833	-9.31146	-19	3972	3991	7522	1843.5167	-0.5052	-9.3115	-8.8063
220	Krstic, Nenad	NJN	6	1719	1713	3362	848.5167	0.35693	-69	6282	6351	12428	3127.4833	-1.1104	0.3569	1.4673
221	Jefferson, Richard	NJN	16	4006	3990	7763	1956.1167	0.412212	-79	3995	4074	8027	2019.8833	-1.9684	0.4122	2.3806
222	Kidd, Jason	NJN	87	6059	5972	11669	2933.0833	1.49113	-150	1942	2092	4121	1042.9167	-7.2798	1.4911	8.7709
223	Collins, Jason	NJN	65	3659	3594	7176	1847.6500	1.81159	-128	4342	4470	8614	2128.3500	-2.9719	1.8116	4.7835
224	Carter, Vince	NJN	57	6407	6350	12360	3126.2500	0.92233	-120	1594	1714	3430	849.7500	-6.9971	0.9223	7.9194
226	McInnis, Jeff	CHA, NJN	-100	1364	1464	2770	702.4333	-7.22022	-205	6581	6786	13167	3297.8500	-3.1138	-7.2202	-4.1064
228	Robinson, Clifford	NJN	-225	1793	2018	3807	955.2500	-11.8203	162	6208	6046	11983	3020.7500	2.7038	-11.8203	-14.5241
229	Jackson, Marc	NOK	-141	1941	2082	3977	1024.6000	-7.09077	12	5892	5880	11571	2951.4000	0.2074	-7.0908	-7.2982
231	Vaughn, Jacque	SAS	157	1515	1358	2907	759.9000	10.8015	533	6563	6030	12493	3196.1000	8.5328	10.8015	2.2687
232	Padgett, Scott	HOU, MEM	9	447	438	898	230.7833	2.00445	262	7672	7410	15083	3800.6333	3.57265	2.03145	-1.5412
235	Curry, Eddy	NYK	-198	5667	5865	11081	2848.5667	-3.57368	-38	2325	2363	4695	1151.7167	-1.6187	-3.5737	-1.955
236	Blount, Mark	MIN	-295	4984	5279	10016	2544.5167	-5.89057	-8	2891	2899	5868	1456.4833	-0.2727	-5.8906	-5.6179
237	Richardson, Quentin	NYK	-62	3319	3381	6393	1620.9667	-1.93962	-174	4673	4847	9383	2379.3167	-3.7088	-1.9396	1.7692
238	LaFrentz, Raef	POR	-114	655	769	1348	352.2333	-16.9139	-238	7062	7300	13931	3638.7667	-3.4168	-16.9139	-13.4971
239	West, Delonte	BOS	-258	4368	4626	8825	2218.9500	-5.84703	-22	3474	3496	6936	1747.5000	-0.6344	-5.847	-5.2126
240	Pierce, Paul	BOS	1	3647	3646	6986	1740.0667	0.0286286	-281	4195	4476	8775	2226.3833	-6.4046	0.0286	6.4332
241	Barnes, Matt	GSW	-21	4068	4089	7862	1812.4500	-0.534215	-10	4665	4675	9018	2138.5500	-0.2218	-0.5342	-0.3124
243	Davis, Ricky	MIN	-227	5989	6216	12037	3022.4667	-3.7717	-76	1886	1962	3847	978.5333	-3.9511	-3.7717	0.1794
244	Marbury, Stephon	NYK	-169	5563	5732	10800	2747.3500	-3.12963	-67	2429	2496	4976	1252.9333	-2.6929	-3.1296	-0.4367
245	Ariza, Trevor	ORL	38	2462	2424	4982	1277.8833	1.52549	26	5309	5283	10342	2678.1167	0.5028	1.5255	1.0227
246	Gomes, Ryan	BOS	-360	4445	4805	8981	2274.7000	-8.01692	80	3397	3317	6780	1691.7500	2.3599	-8.0169	-10.3768
247	Jefferson, Al	BOS	-164	4525	4689	8990	2316.2500	-3.6485	-116	3317	3433	6771	1650.2000	-3.4264	-3.6485	-0.2221
248	Taylor, Maurice	SAC	29	196	167	401	103.2500	14.4638	-173	8107	8280	15806	3857.7500	-2.189	14.4638	16.6528
249	Crawford, Jamal	NYK	-118	4504	4622	8751	2197.2000	-2.69683	-118	3488	3606	7025	1803.0833	-3.3594	-2.6968	0.6626
250	James, Jerome	NYK	-70	452	522	1072	272.9833	-13.0597	-166	7540	7706	14704	3727.3000	-2.2579	-13.0597	-10.8018
251	Greene, Orien	IND	-52	464	516	1046	253.6667	-9.94264	-148	7376	7524	14819	3702.3333	-1.9974	-9.9426	-7.9452
252	Scalabrine, Brian	BOS	-76	2022	2098	4081	1025.9167	-3.72458	-204	5820	6024	11680	2940.5333	-3.4932	-3.7246	-0.2314
253	Perkins, Kendrick	BOS	-126	3015	3141	6157	1576.5500	-4.0929	-154	4827	4981	9604	2389.9000	-3.207	-4.0929	-0.8859
254	Robinson, Nate	NYK	-27	2709	2736	5409	1355.5833	-0.998336	-209	5283	5492	10367	2644.7000	-4.032	-0.9983	3.0337
255	Rose, Malik	NYK	-133	1529	1662	3200	809.9000	-8.3125	-103	6463	6566	12576	3190.3833	-1.638	-8.3125	-6.6745
256	Reed, Justin	MIN	-62	641	703	1340	317.9833	-9.25373	-241	7234	7475	14544	3683.0167	-3.3141	-9.2537	-5.9396
257	Gooden, Drew	CLE	4	4376	4372	8643	2238.1333	0.0925604	310	3558	3248	7027	1737.8667	8.8231	0.0926	-8.7305
258	Ilgauskas, Zydrunas	CLE	254	4166	3912	8101	2129.8667	6.27083	60	3768	3708	7569	1846.1333	1.5854	6.2708	4.6854
260	James, LeBron	CLE	378	6465	6087	12554	3190.4500	6.02199	-64	1469	1533	3116	785.5500	-4.1078	6.022	10.1298
261	Hughes, Larry	CLE	217	5223	5006	10239	2596.1167	4.2387	97	2711	2614	5431	1379.8833	3.5721	4.2387	0.6666
262	Snow, Eric	CLE	-24	3700	3724	7585	1928.9667	-0.632828	338	4234	3896	8085	2047.0333	8.3612	-0.6328	-8.994
263	Marshall, Donyell	CLE	148	2786	2638	5568	1359.9167	5.31609	166	5148	4982	10102	2616.0833	3.2865	5.3161	2.0296
264	Jones, Damon	CLE	91	2451	2360	4739	1172.7167	3.84047	223	5483	5260	10931	2803.2833	4.0801	3.8405	-0.2396
265	Pavlovic, Sasha	CLE	246	3122	2876	6093	1534.3000	8.07484	68	4812	4744	9577	2441.7000	1.4201	8.0748	6.6547
266	Wilks, Mike	SEA	20	1080	1060	2079	533.6667	1.924	-257	7035	7292	13620	3427.7833	-3.7739	1.924	5.6979
267	Henderson, Alan	PHI	0	836	836	1642	417.6667	0	-248	6949	7197	13980	3558.3333	-3.5479	0	3.5479
269	Jackson, Luke	LAC, TOR	-24	281	305	569	137.5500	-8.43585	86	7897	7811	15350	3841.1667	1.12197	-8.43443	-9.5564
270	Hamilton, Richard	DET	353	5560	5207	10458	2763.4500	6.75081	-12	2312	2324	4674	1212.5500	-0.5135	6.7508	7.2643
271	Billups, Chauncey	DET	369	5187	4818	9561	2533.5833	7.71886	-28	2685	2713	5571	1442.4167	-1.0052	7.7189	8.7241
272	Prince, Tayshaun	DET	312	6013	5701	11347	3000.7833	5.49925	29	1859	1830	3785	975.2167	1.5324	5.4993	3.9669
273	Wallace, Ben	CHI	163	5459	5296	10889	2699.6667	2.99385	248	2641	2393	5156	1256.3333	9.6199	2.9938	-6.6261
274	Wallace, Rasheed	DET	221	4813	4592	9096	2419.0500	4.85928	120	3059	2939	6036	1556.9500	3.9761	4.8593	0.8832
275	McDyess, Antonio	DET	270	3453	3183	6635	1729.1833	8.13866	71	4419	4348	8497	2246.8167	1.6712	8.1387	6.4675
276	Evans, Maurice	LAL	-4	3601	3605	6870	1732.0167	-0.116448	-2	4873	4875	9294	2273.9833	-0.043	-0.1164	-0.0734
277	Arroyo, Carlos	ORL	42	2499	2457	5028	1303.6500	1.67064	22	5272	5250	10296	2652.3500	0.4274	1.6706	1.2432
278	Milicic, Darko	ORL	0	3725	3725	7393	1910.0333	0	64	4046	3982	7931	2045.9667	1.6139	0	-1.6139
279	Delfino, Carlos	DET	59	2639	2580	5368	1371.6167	2.19821	282	5233	4951	9764	2604.3833	5.7763	2.1982	-3.5781
280	Maxiell, Jason	DET	53	1809	1756	3641	942.6333	2.91129	288	6063	5775	11491	3033.3667	5.0126	2.9113	-2.1013
281	Williams, Louis	PHI	43	1366	1323	2746	688.1667	3.13183	-291	6419	6710	12876	3287.8333	-4.52	3.1318	7.6518
283	Jaric, Marko	MIN	-161	3003	3164	6189	1554.8667	-5.20278	-142	4872	5014	9695	2446.1333	-2.9293	-5.2028	-2.2735
284	Przybilla, Joel	POR	-32	1263	1295	2550	700.6833	-2.5098	-320	6454	6774	12729	3290.3167	-5.0279	-2.5098	2.5181
285	Garnett, Kevin	MIN	3	5996	5993	11792	2997.6167	0.0508818	-306	1879	2185	4092	1003.3833	-14.956	0.0509	15.0069
286	Miles, Darius	POR	0	0	0	0	0.0000	NULL	-352	7717	8069	15279	3991.0000	-4.6076	NULL	NULL
287	Randolph, Zach	POR	-132	4762	4894	9203	2425.2500	-2.86863	-220	2955	3175	6076	1565.7500	-7.2416	-2.8686	4.373
288	Szczerbiak, Wally	BOS	-40	1891	1931	3624	895.8667	-2.20751	-240	5951	6191	12137	3070.5833	-3.9548	-2.2075	1.7473
289	Telfair, Sebastian	BOS	-46	3189	3235	6326	1574.4833	-1.45432	-234	4653	4887	9435	2391.9667	-4.9603	-1.4543	3.506
290	Olowokandi, Michael	BOS	-31	392	423	918	233.6167	-6.75381	-249	7450	7699	14843	3732.8333	-3.3551	-6.7538	-3.3987
292	Hassell, Trenton	MIN	-177	4399	4576	8787	2222.7000	-4.02868	-126	3476	3602	7097	1778.3000	-3.5508	-4.0287	-0.4779
293	McCants, Rashad	MIN	-1	1099	1100	2207	554.2167	-0.0906206	-302	6776	7078	13677	3446.7833	-4.4162	-0.0906	4.3256
294	Patterson, Ruben	MIL	-165	5188	5353	9961	2507.8000	-3.31292	-194	2984	3178	5877	1463.2000	-6.602	-3.3129	3.2891
295	Dixon, Juan	POR, TOR	-102	3853	3955	7624	1925.8667	-2.67576	-137	5812	5949	11380	2932.6667	-2.73933	-2.71649	0.0228376
296	Jack, Jarrett	POR	-304	5071	5375	10059	2650.8333	-6.04434	-48	2646	2694	5220	1340.1667	-1.8391	-6.0443	-4.2052
297	Ratliff, Theo	BOS	-20	88	108	189	43.6833	-21.164	-260	7754	8014	15572	3922.7667	-3.3393	-21.164	-17.8247
298	Carter, Anthony	DEN	6	80	74	154	37.2000	7.79221	127	8559	8432	16481	3918.8000	1.5412	7.7922	6.251
299	Griffin, Eddie	MIN	-76	138	214	378	90.5667	-40.2116	-227	7737	7964	15506	3910.4333	-2.9279	-40.2116	-37.2837
300	Madsen, Mark	MIN	-10	916	926	1868	470.8833	-1.07066	-293	6959	7252	14016	3530.1167	-4.1809	-1.0707	3.1102
302	Ming, Yao	HOU	295	3382	3087	6468	1623.8000	9.12183	103	4571	4468	9221	2347.2000	2.234	9.1218	6.8878
304	Howard, Juwan	HOU	79	4211	4132	8281	2117.2500	1.90798	319	3742	3423	7408	1853.7500	8.6123	1.908	-6.7043
305	McGrady, Tracy	HOU	394	5262	4868	10087	2544.4500	7.81204	4	2691	2687	5602	1426.5500	0.1428	7.812	7.6692
306	Swift, Stromile	MEM	-195	2064	2259	4192	1029.2833	-9.30344	-227	6267	6494	11986	2966.7167	-3.7878	-9.3034	-5.5156
307	Anderson, Derek	CHA	38	232	194	415	103.7333	18.3133	-343	7713	8056	15522	3896.5500	-4.4195	18.3133	22.7328
308	Alston, Rafer	HOU	462	6241	5779	12082	3040.2667	7.64774	-64	1712	1776	3607	930.7333	-3.5487	7.6477	11.1964
309	Wesley, David	CLE	-12	660	672	1396	352.2667	-1.7192	326	7274	6948	14274	3623.7333	4.5677	-1.7192	-6.2869
312	Mutombo, Dikembe	HOU	107	2469	2362	4988	1288.9167	4.2903	291	5484	5193	10701	2682.0833	5.4387	4.2903	-1.1484
313	Arenas, Gilbert	WAS	188	6645	6457	12118	2941.8500	3.10282	-230	1911	2141	3995	1024.1500	-11.5144	3.1028	14.6172
314	Rose, Jalen	PHX	-52	472	524	1007	245.8167	-10.3277	651	8565	7914	15364	3735.1833	8.4744	-10.3277	-18.8021
315	Jeffries, Jared	NYK	-170	2556	2726	5054	1306.7333	-6.72734	-66	5436	5502	10722	2693.5500	-1.2311	-6.7273	-5.4962
316	Jamison, Antawn	WAS	91	5954	5863	10855	2661.7333	1.67665	-133	2602	2735	5258	1304.2667	-5.059	1.6766	6.7356
317	Graham, Joey	TOR	75	2769	2694	5330	1313.1833	2.81426	6	5390	5384	10512	2637.8167	0.1142	2.8143	2.7001
318	James, Mike	MIN	-193	4089	4282	8185	2069.4333	-4.71594	-110	3786	3896	7699	1931.5667	-2.8575	-4.7159	-1.8584
319	Bosh, Chris	TOR	187	5572	5385	10586	2657.9167	3.53297	-106	2587	2693	5256	1293.0833	-4.0335	3.533	7.5665
321	Daniels, Antonio	WAS	-26	3726	3752	7077	1760.8500	-0.734775	-16	4830	4846	9036	2205.1500	-0.3541	-0.7348	-0.3807
322	Haywood, Brendan	WAS	61	3707	3646	6998	1740.1000	1.74336	-103	4849	4952	9115	2225.9000	-2.26	1.7434	4.0034
323	Thomas, Etan	WAS	-37	2646	2683	4958	1245.8000	-1.49254	-5	5910	5915	11155	2720.2000	-0.0896	-1.4925	-1.4029
324	Butler, Caron	WAS	58	5467	5409	10096	2474.3833	1.14897	-100	3089	3189	6017	1491.6167	-3.3239	1.149	4.4729
325	Araujo, Rafael	UTA	57	518	461	994	247.4333	11.4688	178	7804	7626	14711	3713.5667	2.42	11.4688	9.0488
326	Peterson, Morris	TOR	-130	3054	3184	6090	1514.7500	-4.26929	211	5105	4894	9752	2436.2500	4.3273	-4.2693	-8.5966
327	Villanueva, Charlie	MIL	-15	2087	2102	3949	984.3500	-0.759686	-344	6085	6429	11889	2986.6500	-5.7869	-0.7597	5.0272
328	Hayes, Jarvis	WAS	-175	3415	3590	6586	1625.9500	-5.3143	133	5141	5008	9527	2340.0500	2.7921	-5.3143	-8.1064
329	Ruffin, Michael	WAS	-99	479	578	1086	270.4667	-18.232	57	8077	8020	15027	3695.5333	0.7586	-18.232	-18.9906
330	Bonner, Matt	SAS	28	1299	1271	2551	653.3667	2.19522	662	6779	6117	12849	3302.6333	10.3043	2.1952	-8.1091
331	Calderon, Jose	TOR	39	3413	3374	6555	1621.5500	1.18993	42	4746	4704	9287	2329.4500	0.9045	1.1899	0.2854
332	Atkins, Chucky	MEM	-120	4463	4583	8426	2063.9500	-2.84833	-302	3868	4170	7752	1932.0500	-7.7915	-2.8483	4.9432
337	Johnson, Anthony	ATL, DAL	-122	2561	2683	5130	1300.3333	-4.75634	96	6597	6501	12875	3303.0167	1.3093	-4.75453	-6.06383
339	Medvedenko, Slava	ATL	-13	139	152	290	76.6667	-8.96552	-375	7543	7918	15227	3899.3333	-4.9255	-8.9655	-4.04
341	Korolev, Yaroslav	LAC	-23	70	93	165	40.5500	-27.8788	-15	7773	7788	15312	3905.4500	-0.1959	-27.8788	-27.6829
344	Udrih, Beno	SAS	18	1868	1850	3723	948.0000	0.966962	672	6210	5538	11677	3008.0000	11.5098	0.967	-10.5428
348	Hudson, Troy	MIN	-72	1044	1116	2182	553.9000	-6.59945	-231	6831	7062	13702	3447.1000	-3.3718	-6.5995	-3.2277
349	Dupree, Ronald	DET	-8	196	204	386	94.3333	-4.14508	349	7676	7327	14746	3881.6667	4.7335	-4.1451	-8.8786
350	Potapenko, Vitaly	SAC	-5	23	28	58	12.8833	-17.2414	-139	8280	8419	16149	3948.1167	-1.7215	-17.2414	-15.5199
353	Williams, Aaron	LAC	-22	704	726	1463	383.7667	-3.00752	-16	7139	7155	14014	3562.2333	-0.2283	-3.0075	-2.7792
354	Outlaw, Travis	POR	-130	3025	3155	6017	1532.0833	-4.32109	-222	4692	4914	9262	2458.9167	-4.7938	-4.3211	0.4727
355	Blake, Steve	DEN, MIL	-40	4747	4787	9133	2224.0333	-0.875944	-31	5563	5594	10799	2595.9000	-0.299299	-0.96165	-0.662351
356	Webster, Martell	POR	-148	3401	3549	6792	1759.0500	-4.35807	-204	4316	4520	8487	2231.9500	-4.8074	-4.3581	0.4493
357	Watson, Earl	SEA	-129	4419	4548	8567	2147.3000	-3.01156	-108	3696	3804	7132	1814.1500	-3.0286	-3.0116	0.017
362	Frye, Channing	NYK	-145	3709	3854	7428	1898.7167	-3.90415	-91	4283	4374	8348	2101.5667	-2.1802	-3.9041	-1.7239
366	Bogans, Keith	ORL	49	1972	1923	3853	989.5000	2.54347	15	5799	5784	11471	2966.5000	0.2615	2.5435	2.282
367	Dickau, Dan	POR	51	899	848	1715	444.2000	5.94752	-403	6818	7221	13564	3546.8000	-5.9422	5.9475	11.8897
372	Head, Luther	HOU	48	4410	4362	8855	2210.3500	1.08413	350	3543	3193	6834	1760.6500	10.2429	1.0841	-9.1588
373	Booth, Calvin	WAS	43	818	775	1565	379.6000	5.49521	-85	7738	7823	14548	3586.4000	-1.1685	5.4952	6.6637
377	Lee, David	NYK	83	3652	3569	6910	1726.9333	2.40232	-319	4340	4659	8866	2273.3500	-7.196	2.4023	9.5983
380	Williams, Eric	CHA, SAS	4	240	236	481	121.2167	1.6632	416	7897	7481	15253	3894.7667	5.58226	1.61401	-3.96825
383	Smith, Joe	DEN, PHI	8	2993	2985	5960	1503.2833	0.268456	-239	5413	5651	10869	2737.9833	-4.73531	0.361184	5.09649
389	Pargo, Jannero	NOK	-90	3192	3282	6645	1712.4000	-2.7088	-39	4641	4680	8903	2263.6000	-0.8761	-2.7088	-1.8327
390	Maggette, Corey	LAC	87	4680	4593	9084	2290.9167	1.91546	-125	3163	3288	6393	1655.0833	-3.9105	1.9155	5.826
391	Taylor, Donell	WAS	-92	646	738	1475	368.5000	-12.4746	50	7910	7860	14638	3597.5000	0.6832	-12.4746	-13.1578
392	Pollard, Scot	CLE	-3	200	203	414	108.7500	-1.44928	317	7734	7417	15256	3867.2500	4.1557	-1.4493	-5.605
397	Sampson, Jamal	DEN	-13	248	261	510	124.4500	-5.09804	146	8391	8245	16125	3831.5500	1.8109	-5.098	-6.9089
399	Burke, Pat	PHX	-30	318	348	672	163.8500	-8.92857	629	8719	8090	15699	3817.1500	8.0132	-8.9286	-16.9418
401	Posey, James	MIA	-33	3750	3783	7524	1918.7667	-0.877193	-42	4009	4051	7908	2052.2333	-1.0622	-0.8772	0.185
402	Robinson, Bernard	CHA, NJN	-70	496	566	1149	278.1000	-12.1845	-217	7572	7790	15030	3783.2000	-2.90402	-12.1705	-9.26648
403	Voskuhl, Jake	CHA	-104	2102	2206	4174	1043.1667	-4.98323	-201	5843	6044	11763	2957.1167	-3.4175	-4.9832	-1.5657
405	Davis, Dale	DET	50	878	828	1777	464.0667	5.62746	291	6994	6703	13355	3511.9333	4.3579	5.6275	1.2696
408	Johnson, Linton	NOK	1	1398	1397	2842	720.0000	0.0703728	-130	6435	6565	12706	3256.0000	-2.0463	0.0704	2.1167
410	Marks, Sean	PHX	-12	31	43	77	17.2000	-31.1688	611	9006	8395	16294	3963.8000	7.4997	-31.1688	-38.6685
411	Moore, Mikki	NJN	12	4212	4200	8129	2081.7833	0.295239	-75	3789	3864	7661	1894.2167	-1.958	0.2952	2.2532
413	Blatche, Andray	WAS	-85	1379	1464	2749	682.1000	-6.18407	43	7177	7134	13364	3283.9000	0.6435	-6.1841	-6.8276
414	Anderson, Alan	CHA	-36	2689	2725	5286	1341.4333	-1.36209	-269	5256	5525	10651	2658.8500	-5.0512	-1.3621	3.6891
416	Snyder, Kirk	HOU	-41	1066	1107	2223	562.4333	-3.68871	439	6887	6448	13466	3408.5667	6.5201	-3.6887	-10.2088
417	Ellis, Monta	GSW	23	5865	5842	11257	2638.0000	0.408635	-54	2868	2922	5623	1313.0000	-1.9207	0.4086	2.3293
419	Dooling, Keyon	ORL	22	2861	2839	5566	1434.9333	0.790514	42	4910	4868	9758	2521.0667	0.8608	0.7905	-0.0703
422	Hodge, Julius	DEN, MIL	-5	126	131	266	64.3167	-3.7594	-74	8374	8448	16156	3929.6167	-0.993285	-3.17594	-2.18265
423	Butler, Jackie	SAS	-39	178	217	395	102.9500	-19.7468	729	7900	7171	15005	3853.0500	9.7168	-19.7468	-29.4636
424	Sow, Pape	TOR	-31	64	95	150	34.2167	-41.3333	112	8095	7983	15692	3916.7833	1.4275	-41.3333	-42.7608
426	Miles, C.J.	UTA	-55	747	802	1494	372.4333	-7.36278	290	7575	7285	14211	3588.5667	4.0813	-7.3628	-11.4441
430	Powell, Josh	GSW, IND	-131	691	822	1528	352.9000	-17.1466	27	8084	8057	15620	3704.2500	0.342989	-17.158	-17.501
433	Randolph, Shavlik	PHI	9	338	329	719	179.4000	2.50348	-257	7447	7704	14903	3796.6000	-3.449	2.5035	5.9525
436	Martin, Darrick	TOR	-21	448	469	911	219.7000	-4.61032	102	7711	7609	14931	3731.3000	1.3663	-4.6103	-5.9766
438	Marshall, Rawle	IND	-43	689	732	1533	360.7000	-5.60991	-157	7151	7308	14332	3595.3000	-2.1909	-5.6099	-3.419
439	Mbenga, DJ	DAL	-19	146	165	312	78.5167	-12.1795	611	8055	7444	15136	3872.4833	8.0735	-12.1795	-20.253
444	Wright, Antoine	NJN	-178	2146	2324	4482	1137.1167	-7.94288	115	5855	5740	11308	2838.8833	2.034	-7.9429	-9.9769
450	Khryapa, Viktor	CHI	-16	464	480	965	230.8167	-3.31606	427	7636	7209	15080	3725.1833	5.6631	-3.3161	-8.9792
453	Diogu, Ike	GSW, IND	-34	1481	1515	3072	759.7333	-2.21354	-140	7237	7378	14371	3509.1000	-2.04634	-2.15567	-0.109328
454	Wafer, Von	LAC	-1	4	5	10	0.8833	-20	-37	7839	7876	15467	3945.1167	-0.4784	-20	-19.5216
457	Roberson, Anthony	GSW	-56	482	538	996	226.5500	-11.245	25	8251	8226	15884	3724.4500	0.3148	-11.245	-11.5598
458	Dalembert, Samuel	PHI	-20	5013	5033	9782	2534.9667	-0.408914	-228	2772	3000	5840	1441.0333	-7.8082	-0.4089	7.3993
459	Walton, Luke	LAL	13	4298	4285	8147	1982.0667	0.319136	-19	4176	4195	8017	2023.9333	-0.474	0.3191	0.7931
460	Doleac, Michael	MIA	-74	1319	1393	2703	698.3667	-5.4754	-1	6440	6441	12729	3272.6333	-0.0157	-5.4754	-5.4597
463	Thompson, Dijon	ATL	-9	94	103	193	50.1667	-9.32642	-379	7588	7967	15324	3925.8333	-4.9465	-9.3264	-4.3799
467	Griffin, Adrian	CHI	73	1170	1097	2315	584.6500	6.3067	338	6930	6592	13730	3371.3500	4.9235	6.3067	1.3832
468	Foster, Jeff	IND	-66	3416	3482	6839	1739.8833	-1.93011	-134	4424	4558	9026	2216.1167	-2.9692	-1.9301	1.0391
470	Diener, Travis	ORL	6	570	564	1126	288.2167	1.06572	58	7201	7143	14198	3667.7833	0.817	1.0657	0.2487
472	Swift, Robert	SEA	0	0	0	0	0.0000	NULL	-237	8115	8352	15699	3961.4500	-3.0193	NULL	NULL
477	Graham, Stephen	POR	-54	311	365	639	164.6500	-16.9014	-298	7406	7704	14640	3826.3500	-4.071	-16.9014	-12.8304
483	Livingston, Shaun	LAC	-156	3200	3356	6361	1611.3333	-4.90489	118	4643	4525	9116	2334.6667	2.5889	-4.9049	-7.4938
484	Cardinal, Brian	MEM	-37	626	663	1258	312.7500	-5.88235	-385	7705	8090	14920	3683.2500	-5.1609	-5.8824	-0.7215
486	Hill, Grant	ORL	-68	3885	3953	7784	2008.6167	-1.74717	132	3886	3754	7540	1947.3833	3.5013	-1.7472	-5.2485
488	Banks, Marcus	PHX	-138	975	1113	2079	502.7500	-13.2756	737	8062	7325	14292	3478.2500	10.3135	-13.2756	-23.5891
489	Newble, Ira	CLE	-3	254	257	519	129.0333	-1.15607	317	7680	7363	15151	3846.9667	4.1845	-1.1561	-5.3406
492	Stackhouse, Jerry	DAL	260	3437	3177	6432	1614.6500	8.08458	332	4764	4432	9016	2336.3500	7.3647	8.0846	0.7199
498	Lucas, John	HOU	-10	712	722	1496	383.3333	-1.3369	408	7241	6833	14193	3587.6667	5.7493	-1.3369	-7.0862
500	Andriuskevicius, Martynas	CHI	0	0	0	0	0.0000	NULL	411	8100	7689	16045	3956.0000	5.1231	NULL	NULL
501	Allen, Tony	BOS	-49	1647	1696	3273	799.9667	-2.99419	-231	6195	6426	12488	3166.4833	-3.6996	-2.9942	0.7054
505	Varejao, Anderson	CLE	247	3922	3675	7758	1932.3000	6.36762	67	4012	3945	7912	2043.7000	1.6936	6.3676	4.674
508	Hayes, Chuck	HOU	320	3443	3123	6776	1713.7167	9.4451	78	4510	4432	8913	2257.2833	1.7503	9.4451	7.6948
509	Wright, Bracey	MIN	52	419	367	790	190.1333	13.1646	-355	7456	7811	15094	3810.8667	-4.7039	13.1646	17.8685
510	Johnson, Amir	DET	0	245	245	490	124.2000	0	341	7627	7286	14642	3851.8000	4.6578	0	-4.6578
514	Green, Gerald	BOS	-218	3433	3651	7084	1776.6833	-6.15471	-62	4409	4471	8677	2189.7667	-1.4291	-6.1547	-4.7256
515	Hunter, Lindsey	DET	-69	1395	1464	2911	744.4000	-4.74064	410	6477	6067	12221	3231.6000	6.7098	-4.7406	-11.4504
516	Turiaf, Ronny	LAL	18	2324	2306	4420	1086.9500	0.81448	-24	6150	6174	11744	2919.0500	-0.4087	0.8145	1.2232
517	Jones, Dwayne	CLE	2	36	34	71	18.3000	5.6338	312	7898	7586	15599	3957.7000	4.0003	5.6338	1.6335
518	Boozer, Carlos	UTA	164	5489	5325	10211	2556.9667	3.21222	71	2833	2762	5494	1404.0333	2.5846	3.2122	0.6276
525	Barrett, Andre	CHI	-1	52	53	126	28.5167	-1.5873	412	8048	7636	15919	3927.4833	5.1762	-1.5873	-6.7635
527	Baker, Vin	MIN	0	0	0	0	0.0000	NULL	-303	7875	8178	15884	4001.0000	-3.8152	NULL	NULL
529	Schenscher, Luke	POR	-2	237	239	472	118.0167	-0.847458	-350	7480	7830	14807	3872.9833	-4.7275	-0.8475	3.88
533	Livingston, Randy	SEA	-42	28	70	89	25.8167	-94.382	-195	8087	8282	15610	3935.6333	-2.4984	-94.382	-91.8836
537	Stoudemire, Amare	PHX	448	6215	5767	11081	2689.2000	8.08591	151	2822	2671	5290	1291.8000	5.7089	8.0859	2.377
541	Green, Willie	PHI	-235	3583	3818	7291	1841.9500	-6.4463	-13	4202	4215	8331	2134.0500	-0.3121	-6.4463	-6.1342
544	Udoka, Ime	POR	-147	4174	4321	8167	2143.7000	-3.59985	-205	3543	3748	7112	1847.3000	-5.7649	-3.5999	2.165
548	Bozeman, Cedric	ATL	-25	367	392	797	198.8833	-6.27353	-363	7315	7678	14720	3777.1167	-4.9321	-6.2735	-1.3414
549	Freije, Matt	ATL	4	281	277	610	146.9833	1.31148	-392	7401	7793	14907	3829.0167	-5.2593	1.3115	6.5708
550	Jones, Solomon	ATL	-177	1276	1453	2629	665.4667	-13.4652	-211	6406	6617	12888	3310.5333	-3.2744	-13.4652	-10.1908
551	Williams, Shelden	ATL	-235	2832	3067	5888	1511.7667	-7.98234	-153	4850	5003	9629	2464.2333	-3.1779	-7.9823	-4.8044
552	Powe, Leon	BOS	-39	1342	1381	2861	719.6500	-2.72632	-241	6500	6741	12900	3246.8000	-3.7364	-2.7263	1.0101
553	Rondo, Rajon	BOS	36	3608	3572	7265	1826.5333	0.991053	-316	4234	4550	8496	2139.9167	-7.4388	0.9911	8.4299
554	Ray, Allan	BOS	-15	1398	1413	2850	709.3833	-1.05263	-265	6444	6709	12911	3257.0667	-4.105	-1.0526	3.0524
555	Morrison, Adam	CHA	-237	4596	4833	9367	2325.8000	-5.06032	-68	3349	3417	6570	1674.4833	-2.07	-5.0603	-2.9903
556	Herrmann, Walter	CHA	-12	1893	1905	3742	935.4667	-0.641368	-293	6052	6345	12195	3064.8167	-4.8052	-0.6414	4.1638
557	Hollins, Ryan	CHA	-92	340	432	751	185.2167	-24.5007	-213	7605	7818	15186	3815.0667	-2.8052	-24.5007	-21.6955
558	Sefolosha, Thabo	CHI	91	1750	1659	3578	872.8667	5.08664	320	6350	6030	12467	3083.1333	5.1336	5.0866	-0.047
559	Thomas, Tyrus	CHI	151	1995	1844	4019	966.1667	7.51431	260	6105	5845	12026	2989.8333	4.324	7.5143	3.1903
560	Brown, Shannon	CLE	-62	370	432	791	201.4500	-15.6764	376	7564	7188	14879	3774.5500	5.0541	-15.6764	-20.7305
561	Gibson, Daniel	CLE	87	1939	1852	3879	987.4333	4.48569	227	5995	5768	11791	2988.5667	3.8504	4.4857	0.6353
562	Ager, Maurice	DAL	-70	367	437	870	214.3000	-16.092	662	7834	7172	14578	3736.7000	9.0822	-16.092	-25.1742
563	Barea, Jose	DAL	-36	360	396	757	191.2500	-9.51123	628	7841	7213	14691	3759.7500	8.5495	-9.5112	-18.0607
564	Mensah-Bonsu, Pops	DAL	8	148	140	289	71.3000	5.53633	584	8053	7469	15159	3879.7000	7.705	5.5363	-2.1687
565	Diawara, Yakhouba	DEN	21	2500	2479	4982	1176.4667	0.843035	112	6139	6027	11653	2779.5333	1.9223	0.843	-1.0793
566	Blalock, Will	DET	-20	280	300	627	165.6667	-6.37959	361	7592	7231	14505	3810.3333	4.9776	-6.3796	-11.3572
567	O'Bryant, Patrick	GSW	18	273	255	500	118.7500	7.2	-49	8460	8509	16380	3832.2500	-0.5983	7.2	7.7983
568	Wagner, Dajuan	GSW	2	17	15	27	6.7833	14.8148	-33	8716	8749	16853	3944.2167	-0.3916	14.8148	15.2064
569	Novak, Steve	HOU	-33	357	390	778	190.5333	-8.48329	431	7596	7165	14911	3780.4667	5.781	-8.4833	-14.2643
570	Spanoulis, Vassilis	HOU	-30	486	516	1085	271.8500	-5.52995	428	7467	7039	14604	3699.1500	5.8614	-5.53	-11.3914
571	Sura, Bob	HOU	0	0	0	0	0.0000	NULL	398	7953	7555	15689	3971.0000	5.0736	NULL	NULL
572	Baston, Maceo	IND	-40	804	844	1650	404.4167	-4.84848	-160	7036	7196	14215	3551.5833	-2.2511	-4.8485	-2.5974
573	Williams, Shawne	IND	-124	1059	1183	2194	556.0167	-11.3036	-76	6781	6857	13671	3399.9833	-1.1118	-11.3036	-10.1918
574	Davis, Paul	LAC	-15	331	346	710	179.7167	-4.22535	-23	7512	7535	14767	3766.2833	-0.3115	-4.2254	-3.9139
575	Farmar, Jordan	LAL	10	2180	2170	4288	1089.6167	0.466418	-16	6294	6310	11876	2916.3833	-0.2695	0.4664	0.7359
576	Williams, Shammond	LAL	-29	671	700	1357	344.9333	-4.27413	23	7803	7780	14807	3661.0667	0.3107	-4.2741	-4.5848
577	Gay, Rudy	MEM	-122	4464	4586	8615	2103.3833	-2.83227	-300	3867	4167	7563	1892.6167	-7.9334	-2.8323	5.1011
578	Johnson, Alexander	MEM	-13	1656	1669	3060	752.6833	-0.849673	-409	6675	7084	13118	3243.3167	-6.2357	-0.8497	5.386
579	Lowry, Kyle	MEM	60	379	319	703	175.4167	17.0697	-482	7952	8434	15475	3820.5833	-6.2294	17.0697	23.2991
580	Kinsey, Tarence	MEM	-104	2061	2165	3984	966.5833	-5.22088	-318	6270	6588	12194	3029.4167	-5.2157	-5.2209	-0.0052
581	Quinn, Chris	MIA	12	762	750	1555	407.8333	1.54341	-87	6997	7084	13877	3563.1667	-1.2539	1.5434	2.7973
582	Hite, Robert	MIA	-16	248	264	522	135.6833	-6.13027	-59	7511	7570	14910	3835.3167	-0.7914	-6.1303	-5.3389
583	Ilyasova, Ersan	MIL	-200	1907	2107	3913	972.9000	-10.2223	-159	6265	6424	11925	2998.1000	-2.6667	-10.2223	-7.5556
584	Markota, Damir	MIL	-42	335	377	667	170.3667	-12.5937	-317	7837	8154	15171	3800.6333	-4.179	-12.5937	-8.4147
585	Noel, David	MIL	-176	1592	1768	3179	791.4833	-11.0727	-183	6580	6763	12659	3179.5167	-2.8912	-11.0727	-8.1815
586	Greer, Lynn	MIL	-24	875	899	1720	431.7333	-2.7907	-335	7297	7632	14118	3539.2667	-4.7457	-2.7907	1.955
587	McCray, Chris	MIL	-2	23	25	48	11.7667	-8.33333	-357	8149	8506	15790	3959.2333	-4.5218	-8.3333	-3.8115
588	Foye, Randy	MIN	-164	3688	3852	7521	1879.2000	-4.36112	-139	4187	4326	8363	2121.8000	-3.3242	-4.3611	-1.0369
589	Smith, Craig	MIN	-132	2970	3102	6128	1536.5167	-4.30809	-171	4905	5076	9756	2464.4833	-3.5055	-4.3081	-0.8026
590	Adams, Hassan	NJN	-16	972	988	1996	495.1833	-1.60321	-47	7029	7076	13794	3480.8167	-0.6815	-1.6032	-0.9217
591	Ilic, Mile	NJN	-17	0	17	22	5.8500	-154.545	-46	8001	8047	15768	3970.1500	-0.5835	-154.546	-153.962
592	Williams, Marcus	NJN	-43	2599	2642	5289	1314.3667	-1.62602	-20	5402	5422	10501	2661.6333	-0.3809	-1.626	-1.2451
593	Boone, Josh	NJN	15	1335	1320	2688	668.5167	1.11607	-78	6666	6744	13102	3307.4833	-1.1907	1.1161	2.3068
594	Armstrong, Hilton	NOK	-17	1163	1180	2423	634.1833	-1.40322	-112	6670	6782	13125	3341.8167	-1.7067	-1.4032	0.3035
595	Simmons, Cedric	NOK	-98	960	1058	2069	528.1167	-9.47318	-31	6873	6904	13479	3447.8833	-0.46	-9.4732	-9.0132
596	Vinicius, Marcus	NOK	-33	202	235	404	103.3500	-16.3366	-96	7631	7727	15144	3872.6500	-1.2678	-16.3366	-15.0688
597	Balkman, Renaldo	NYK	-20	2055	2075	4224	1063.6667	-0.94697	-216	5937	6153	11552	2936.6167	-3.7396	-0.947	2.7926
598	Collins, Mardy	NYK	-98	1474	1572	3090	777.0333	-6.34304	-138	6518	6656	12686	3223.2500	-2.1756	-6.343	-4.1674
599	Redick, J.J.	ORL	0	1238	1238	2440	622.1500	0	64	6533	6469	12884	3333.8500	0.9935	0	-0.9935
600	Augustine, James	ORL	-1	17	18	27	7.3167	-7.40741	65	7754	7689	15297	3948.6833	0.8498	-7.4074	-8.2572
601	Carney, Rodney	PHI	-127	2292	2419	4622	1168.9333	-5.49546	-121	5493	5614	11000	2807.0667	-2.2	-5.4955	-3.2955
602	Jones, Bobby	PHI	36	677	641	1328	335.3333	5.42169	-284	7108	7392	14294	3640.6667	-3.9737	5.4217	9.3954
603	McFarlin, Ivan	DEN, PHI	-9	80	89	170	41.2667	-10.5882	-239	7705	7944	15452	3934.7333	-3.0935	-10.5882	-7.4947
604	Smith, Steven	PHI	-13	39	52	111	28.1167	-23.4234	-235	7746	7981	15511	3947.8833	-3.0301	-23.4234	-20.3933
605	Rodriguez, Sergio	POR	-104	1663	1767	3368	861.6667	-6.17577	-248	6054	6302	11911	3129.3333	-4.1642	-6.1758	-2.0116
606	Roy, Brandon	POR	-188	3954	4142	7720	2014.6333	-4.87047	-164	3763	3927	7559	1976.3667	-4.3392	-4.8705	-0.5313
607	Aldridge, LaMarcus	POR	-57	2752	2809	5352	1391.6833	-2.13004	-295	4965	5260	9927	2599.3167	-5.9434	-2.13	3.8134
608	Douby, Quincy	SAC	-39	742	781	1507	359.0167	-5.17585	-105	7561	7666	14700	3601.9833	-1.4286	-5.1758	-3.7472
609	Gelabale, Mickael	SEA	-72	2502	2574	4888	1238.5333	-2.94599	-165	5613	5778	10811	2722.9167	-3.0524	-2.946	0.1064
610	Sene, Mouhamed	SEA	-47	306	353	665	169.3833	-14.1353	-190	7809	7999	15034	3792.0667	-2.5276	-14.1353	-11.6077
611	Farmer, Desmon	SEA	16	77	61	137	31.8000	23.3577	-253	8038	8291	15562	3929.6500	-3.2515	23.3577	26.6092
612	Bargnani, Andrea	TOR	43	3441	3398	6636	1635.3500	1.29596	38	4718	4680	9206	2315.6500	0.8255	1.296	0.4705
614	Parker, Anthony	TOR	310	5140	4830	9691	2434.4667	6.39769	-229	3019	3248	6151	1516.5333	-7.4459	6.3977	13.8436
615	Tucker, P.J.	TOR	-32	166	198	365	83.3333	-17.5342	113	7993	7880	15477	3867.6667	1.4602	-17.5342	-18.9944
616	Slokar, Uros	TOR	-35	129	164	310	71.9667	-22.5806	116	8030	7914	15532	3879.0333	1.4937	-22.5806	-24.0743
617	Brewer, Ronnie	UTA	-13	1390	1403	2735	675.0833	-0.95064	248	6932	6684	12970	3285.9167	3.8242	-0.9506	-4.7748
619	Brown, Dee	UTA	15	915	900	1796	449.3833	1.67038	220	7407	7187	13909	3511.6167	3.1634	1.6704	-1.493
620	Chase, Brian	UTA	0	0	0	0	0.0000	NULL	235	8322	8087	15705	3961.0000	2.9927	NULL	NULL
621	Powell Jr, Roger	UTA	-10	24	34	50	13.3000	-40	245	8298	8053	15655	3947.7000	3.13	-40	-43.13
622	Mason, Roger	WAS	-69	990	1059	2011	492.2167	-6.86226	27	7566	7539	14102	3473.7833	0.3829	-6.8623	-7.2452
623	Lang, James	WAS	-1	115	116	210	54.6167	-0.952381	-41	8441	8482	15903	3911.3833	-0.5156	-0.9524	-0.4368
629	Millsap, Paul	UTA	144	3052	2908	5799	1476.8167	4.96637	91	5270	5179	9906	2484.1833	1.8373	4.9664	3.1291
636	Garbajosa, Jorge	TOR	93	3880	3787	7563	1909.3333	2.45934	-12	4279	4291	8279	2041.6667	-0.2899	2.4593	2.7492
640	Kleiza, Linas	DEN	69	3231	3162	6286	1487.8167	2.19535	64	5408	5344	10349	2468.1833	1.2368	2.1954	0.9586
642	Glyniadakis, Andreas	SEA	-27	146	173	318	80.5667	-16.9811	-210	7969	8179	15381	3880.8833	-2.7306	-16.9811	-14.2505
643	Azubuike, Kelenna	GSW	-156	1393	1549	2884	673.6833	-10.8183	121	7353	7233	14022	3286.4500	1.72456	-10.8202	-12.5448
644	Brown, Andre	SEA	-13	512	525	1084	270.8667	-2.39852	-224	7603	7827	14615	3690.5833	-3.0653	-2.3985	0.6668
646	Williams, Justin	SAC	-59	705	764	1367	333.3000	-8.63204	-85	7598	7683	14840	3627.7000	-1.1456	-8.632	-7.4864
647	Major, Renaldo	GSW	15	68	53	123	27.3833	24.3902	-46	8665	8711	16757	3923.6167	-0.549	24.3902	24.9392
649	Conroy, Will	LAC, MEM	-11	84	95	194	51.3833	-11.3402	-158	7954	8112	15596	3933.2667	-1.97537	-10.8191	-8.84369
650	Richardson, Jeremy	ATL, POR	-1	55	56	85	19.8000	-2.35294	-380	7637	8017	15428	3958.7667	-4.92434	-1.7937	3.13063
651	Reiner, Jared	MIL	-72	520	592	1038	256.3333	-13.8728	-275	7680	7955	14873	3739.1333	-3.7089	-13.7595	-10.0506
652	Harrington, Lorinza (Junior)	MEM	-22	1129	1151	2224	542.9167	-1.97842	-400	7202	7602	13954	3453.0833	-5.7331	-1.9784	3.7547
653	Amundson, Louis	PHI, UTA	-23	156	179	352	88.9000	-13.0682	-214	7649	7863	15292	3890.7333	-2.80855	-13.2589	-10.4504
654	White, James	SAS	-23	252	275	527	136.5500	-8.72865	713	7826	7113	14873	3819.4500	9.5878	-8.7287	-18.3165
655	Morris, Randolph	NYK	-12	82	94	172	43.6500	-13.9535	-224	7910	8134	15604	3956.6333	-2.8711	-13.9535	-11.0824
656	Hall, Mike	WAS	-3	26	29	54	12.7667	-11.1111	-39	8530	8569	16059	3953.2333	-0.4857	-11.1111	-10.6254
657	Pinkney, Kevin	BOS	5	200	195	395	99.9500	2.53165	-285	7642	7927	15366	3866.5000	-3.7095	2.5316	6.2411
658	Willis, Kevin	DAL	4	89	85	154	42.6000	5.19481	588	8112	7524	15294	3908.4000	7.6893	5.1948	-2.4945
