PlayerID	PlayerTrueName	Team	MinOnCourt	PossForOnCourt	PossOppOnCourt	PointsForOnCourt	PointsOppOnCourt	OffRtgOnCourt	DefRtgOnCourt	OverallRtgOnCourt	ORebForOnCourt	ORebOppOnCourt	DRebForOnCourt	DRebOppOnCourt	ORebRateOnCourt	DRebRateOnCourt	MinOffCourt	PossForOffCourt	PossOppOffCourt	PointsForOffCourt	PointsOppOffCourt	OffRtgOffCourt	DefRtgOffCourt	OverallRtgOffCourt	ORebForOffCourt	ORebOppOffCourt	DRebForOffCourt	DRebOppOffCourt	ORebRateOffCourt	DRebRateOffCourt	OverallRtgOnCourtMinusOffCourt	ORebRateOnCourtMinusOffCourt	DRebRateOnCourtMinusOffCourt
2	Thomas, Kurt	MIL	199.1833	352	351	391	391	111.0795	111.3960	-0.3165	62	71	120	132	0.3196	0.6283	136.8167	250	253	239	265	95.6000	104.7431	-9.1431	55	55	88	93	0.3716	0.6154	8.8266	-0.0520	0.0129
3	Dampier, Erick	DAL	118.4833	219	215	207	228	94.5205	106.0465	-11.5260	43	32	85	85	0.3359	0.7265	169.5167	315	316	350	332	111.1111	105.0633	6.0478	51	64	114	111	0.3148	0.6404	-17.5738	0.0211	0.0861
4	Marion, Shawn	DAL	148.2333	273	277	293	276	107.3260	99.6390	7.6870	49	51	108	97	0.3356	0.6792	139.7667	261	254	264	284	101.1494	111.8110	-10.6616	45	45	91	99	0.3125	0.6691	18.3486	0.0231	0.0101
5	Nowitzki, Dirk	DAL	233.1000	428	424	451	465	105.3738	109.6698	-4.2960	72	70	156	157	0.3144	0.6903	54.9000	106	107	106	95	100.0000	88.7850	11.2150	22	26	43	39	0.3607	0.6232	-15.5110	-0.0463	0.0671
6	Terry, Jason	DAL	173.6833	322	316	343	345	106.5217	109.1772	-2.6555	50	61	116	118	0.2976	0.6554	114.3167	212	215	214	215	100.9434	100.0000	0.9434	44	35	83	78	0.3607	0.7034	-3.5989	-0.0631	-0.0480
8	Nash, Steve	PHX	535.2167	1027	1025	1236	1168	120.3505	113.9512	6.3993	175	182	363	333	0.3445	0.6661	229.3500	413	425	467	460	113.0751	108.2353	4.8398	95	83	144	151	0.3862	0.6344	1.5595	-0.0417	0.0317
10	Jones, James	MIA	8.6167	15	16	22	16	146.6667	100.0000	46.6667	4	7	6	3	0.5714	0.4615	231.3833	437	436	416	463	95.1945	106.1927	-10.9982	69	59	147	162	0.2987	0.7136	57.6649	0.2727	-0.2521
12	Diaw, Boris	CHA	152.0667	276	276	265	313	96.0145	113.4058	-17.3913	49	55	101	99	0.3311	0.6474	39.9333	65	65	77	66	118.4615	101.5385	16.9231	14	9	23	20	0.4118	0.7188	-34.3144	-0.0807	-0.0714
14	Daniels, Marquis	BOS	37.2833	71	70	71	68	100.0000	97.1429	2.8571	13	8	25	25	0.3421	0.7576	1119.7167	2077	2078	2182	2119	105.0554	101.9731	3.0823	350	381	748	740	0.3211	0.6625	-0.2252	0.0210	0.0951
16	Barbosa, Leandro	PHX	249.6000	458	467	521	481	113.7555	102.9979	10.7576	100	94	162	173	0.3663	0.6328	514.9667	982	983	1182	1147	120.3666	116.6836	3.6830	170	171	345	311	0.3534	0.6686	7.0746	0.0129	-0.0358
21	Martin, Kenyon	DEN	205.0000	414	414	466	492	112.5604	118.8406	-6.2802	73	69	126	137	0.3476	0.6462	83.0000	167	162	190	171	113.7725	105.5556	8.2169	32	30	60	51	0.3855	0.6667	-14.4971	-0.0379	-0.0205
23	Camby, Marcus	POR	177.5333	322	321	345	382	107.1429	119.0031	-11.8603	60	64	105	122	0.3297	0.6213	110.4667	202	202	213	238	105.4455	117.8218	-12.3762	43	41	65	74	0.3675	0.6132	0.5159	-0.0378	0.0081
24	Ginobili, Manu	SAS	352.4667	668	668	715	737	107.0359	110.3293	-3.2934	122	119	238	241	0.3361	0.6667	127.5333	243	242	246	258	101.2346	106.6116	-5.3770	37	35	90	95	0.2803	0.7200	2.0836	0.0558	-0.0533
25	Anthony, Carmelo	DEN	253.5667	509	506	576	563	113.1631	111.2648	1.8982	97	83	168	164	0.3716	0.6693	34.4333	72	70	80	100	111.1111	142.8571	-31.7460	8	16	18	24	0.2500	0.5294	33.6442	0.1216	0.1399
26	Duncan, Tim	SAS	372.6000	701	696	765	763	109.1298	109.6264	-0.4966	112	113	262	255	0.3052	0.6987	107.4000	210	214	196	232	93.3333	108.4112	-15.0779	47	41	66	81	0.3672	0.6168	14.5813	-0.0620	0.0819
29	Finley, Michael	BOS	107.5333	206	196	197	177	95.6311	90.3061	5.3249	24	36	70	79	0.2330	0.6604	1049.4667	1942	1952	2056	2010	105.8702	102.9713	2.8989	339	353	703	686	0.3307	0.6657	2.4260	-0.0977	-0.0053
30	Parker, Tony	SAS	335.2167	634	632	720	714	113.5647	112.9747	0.5900	115	111	221	228	0.3353	0.6657	144.7833	277	278	241	281	87.0036	101.0791	-14.0755	44	43	107	108	0.2895	0.7133	14.6655	0.0458	-0.0476
31	Miller, Andre	POR	210.3500	382	378	416	458	108.9005	121.1640	-12.2635	69	71	119	139	0.3317	0.6263	77.6500	142	145	142	162	100.0000	111.7241	-11.7241	34	34	51	57	0.3736	0.6000	-0.5394	-0.0419	0.0263
34	Hilario, Nene	DEN	168.9667	342	336	389	385	113.7427	114.5833	-0.8406	60	43	113	107	0.3593	0.7244	119.0333	239	240	267	278	111.7155	115.8333	-4.1179	45	56	73	81	0.3571	0.5659	3.2773	0.0022	0.1585
36	Najera, Eduardo	DAL	36.0833	70	69	57	68	81.4286	98.5507	-17.1222	15	19	24	32	0.3191	0.5581	251.9167	464	462	500	492	107.7586	106.4935	1.2651	79	77	175	164	0.3251	0.6944	-18.3873	-0.0060	-0.1363
40	Mohammed, Nazr	CHA	47.7833	84	81	96	106	114.2857	130.8642	-16.5785	17	13	26	25	0.4048	0.6667	144.2167	257	260	246	273	95.7198	105.0000	-9.2802	46	51	98	94	0.3286	0.6577	-7.2983	0.0762	0.0090
51	Magloire, Jamaal	MIA	4.5000	9	9	13	8	144.4444	88.8889	55.5556	0	2	4	3	0.0000	0.6667	235.5000	443	443	425	471	95.9368	106.3205	-10.3837	73	64	149	162	0.3106	0.6995	65.9393	-0.3106	-0.0328
54	Korver, Kyle	UTA	210.1833	417	423	481	486	115.3477	114.8936	0.4541	75	72	126	130	0.3659	0.6364	269.8167	527	526	590	607	111.9545	115.3992	-3.4448	103	104	179	188	0.3540	0.6325	3.8989	0.0119	0.0039
55	Williams, Mo	CLE	410.9333	800	804	887	842	110.8750	104.7264	6.1486	118	144	306	273	0.3018	0.6800	117.0667	220	221	215	246	97.7273	111.3122	-13.5849	40	41	69	85	0.3200	0.6273	19.7335	-0.0182	0.0527
56	Gadzuric, Dan	MIL	76.1000	141	145	141	140	100.0000	96.5517	3.4483	26	32	51	48	0.3514	0.6145	259.9000	461	459	489	516	106.0738	112.4183	-6.3445	91	94	157	177	0.3396	0.6255	9.7928	0.0118	-0.0110
59	Salmons, John	MIL	285.0167	506	505	537	541	106.1265	107.1287	-1.0022	104	98	180	194	0.3490	0.6475	50.9833	96	99	93	115	96.8750	116.1616	-19.2866	13	28	28	31	0.2955	0.5000	18.2844	0.0535	0.1475
60	Bell, Charlie	MIL	8.1500	19	19	22	26	115.7895	136.8421	-21.0526	2	3	3	4	0.3333	0.5000	327.8500	583	585	608	630	104.2882	107.6923	-3.4041	115	123	205	221	0.3423	0.6250	-17.6485	-0.0090	-0.1250
61	Ollie, Kevin	OKC	5.4500	10	10	6	13	60.0000	130.0000	-70.0000	0	4	3	7	0.0000	0.4286	282.5500	535	535	557	560	104.1121	104.6729	-0.5607	102	106	196	204	0.3333	0.6490	-69.4393	-0.3333	-0.2204
63	Smith, J.R.	DEN	159.2333	328	322	358	372	109.1463	115.5280	-6.3816	61	62	108	108	0.3609	0.6353	128.7667	253	254	298	291	117.7866	114.5669	3.2196	44	37	78	80	0.3548	0.6783	-9.6012	0.0061	-0.0430
65	Miller, Brad	CHI	92.6500	176	176	182	212	103.4091	120.4545	-17.0455	23	24	65	70	0.2473	0.7303	147.3500	290	289	303	319	104.4828	110.3806	-5.8979	61	42	100	110	0.3567	0.7042	-11.1476	-0.1094	0.0261
68	Bibby, Mike	ATL	292.4167	517	512	565	573	109.2843	111.9141	-2.6297	87	103	180	189	0.3152	0.6360	235.5833	429	433	419	486	97.6690	112.2402	-14.5712	107	81	146	163	0.3963	0.6432	11.9415	-0.0811	-0.0072
73	Andersen, Chris	DEN	115.7333	225	225	255	259	113.3333	115.1111	-1.7778	45	45	76	73	0.3814	0.6281	172.2667	356	351	401	404	112.6404	115.0997	-2.4593	60	54	110	115	0.3429	0.6707	0.6815	0.0385	-0.0426
83	Bass, Brandon	ORL	42.2667	77	77	93	84	120.7792	109.0909	11.6883	13	11	25	25	0.3421	0.6944	634.7333	1143	1140	1259	1147	110.1487	100.6140	9.5347	209	206	433	397	0.3449	0.6776	2.1536	-0.0028	0.0168
85	Price, Ronnie	UTA	89.5500	165	172	190	186	115.1515	108.1395	7.0120	33	33	66	57	0.3667	0.6667	390.4500	779	777	881	907	113.0937	116.7310	-3.6373	145	143	239	261	0.3571	0.6257	10.6493	0.0096	0.0410
86	Johnson, Joe	ATL	440.4667	778	781	820	842	105.3985	107.8105	-2.4120	161	146	278	292	0.3554	0.6557	87.5333	168	164	164	217	97.6190	132.3171	-34.6980	33	38	48	60	0.3548	0.5581	32.2860	0.0006	0.0976
88	Pachulia, Zaza	ATL	160.6167	290	297	280	349	96.5517	117.5084	-20.9567	69	62	85	101	0.4059	0.5782	367.3833	656	648	704	710	107.3171	109.5679	-2.2508	125	122	241	251	0.3324	0.6639	-18.7059	0.0735	-0.0857
90	Richardson, Jason	PHX	529.6500	1015	1018	1213	1183	119.5074	116.2083	3.2991	175	178	360	328	0.3479	0.6691	234.9167	425	432	490	445	115.2941	103.0093	12.2849	95	87	147	156	0.3785	0.6282	-8.9858	-0.0306	0.0409
94	Smith, Josh	ATL	392.1500	693	693	719	780	103.7518	112.5541	-8.8023	140	129	245	265	0.3457	0.6551	135.8500	253	252	265	279	104.7431	110.7143	-5.9712	54	55	81	87	0.3830	0.5956	-2.8311	-0.0373	0.0595
97	Williams, Marvin	ATL	344.7500	611	614	631	696	103.2733	113.3550	-10.0817	116	121	211	226	0.3392	0.6355	183.2500	335	331	353	363	105.3731	109.6677	-4.2945	78	63	115	126	0.3824	0.6461	-5.7872	-0.0432	-0.0106
98	Pietrus, Mickael	ORL	281.7667	496	498	535	495	107.8629	99.3976	8.4653	99	92	198	186	0.3474	0.6828	395.2333	724	719	817	736	112.8453	102.3644	10.4809	123	125	260	236	0.3426	0.6753	-2.0156	0.0048	0.0075
103	Fisher, Derek	LAL	751.1500	1421	1416	1635	1560	115.0598	110.1695	4.8903	279	272	515	477	0.3690	0.6544	349.4167	643	641	678	666	105.4432	103.9002	1.5431	134	124	232	231	0.3671	0.6517	3.3472	0.0019	0.0027
109	Ivey, Royal	MIL	10.6500	21	22	23	28	109.5238	127.2727	-17.7489	3	5	6	6	0.3333	0.5455	325.3500	581	582	607	628	104.4750	107.9038	-3.4287	114	121	202	219	0.3423	0.6254	-14.3202	-0.0090	-0.0799
110	Hinrich, Kirk	CHI	196.4667	385	388	385	443	100.0000	114.1753	-14.1753	57	60	137	153	0.2714	0.6954	43.5333	81	77	100	88	123.4568	114.2857	9.1711	27	6	28	27	0.5000	0.8235	-23.3464	-0.2286	-0.1281
111	Wallace, Gerald	CHA	163.6333	291	292	307	331	105.4983	113.3562	-7.8579	50	58	102	97	0.3401	0.6375	28.3667	50	49	35	48	70.0000	97.9592	-27.9592	13	6	22	22	0.3714	0.7857	20.1013	-0.0313	-0.1482
115	Brezec, Primoz	MIL	25.4500	47	46	44	49	93.6170	106.5217	-12.9047	11	11	19	17	0.3929	0.6333	310.5500	555	558	586	607	105.5856	108.7814	-3.1958	106	115	189	208	0.3376	0.6217	-9.7089	0.0553	0.0116
118	Chandler, Tyson	CHA	59.9833	102	99	106	100	103.9216	101.0101	2.9115	25	18	42	36	0.4098	0.7000	132.0167	239	242	236	279	98.7448	115.2893	-16.5445	38	46	82	83	0.3140	0.6406	19.4560	0.0958	0.0594
122	Deng, Luol	CHI	202.6167	396	393	422	453	106.5657	115.2672	-8.7015	75	54	137	147	0.3378	0.7173	37.3833	70	72	63	78	90.0000	108.3333	-18.3333	9	12	28	33	0.2143	0.7000	9.6318	0.1235	0.0173
126	Felton, Raymond	CHA	129.5333	240	239	241	287	100.4167	120.0837	-19.6670	40	46	78	85	0.3200	0.6290	62.4667	101	102	101	92	100.0000	90.1961	9.8039	23	18	46	34	0.4035	0.7188	-29.4709	-0.0835	-0.0898
128	Carroll, Matt	DAL	4.7167	8	9	5	7	62.5000	77.7778	-15.2778	1	4	2	6	0.1429	0.3333	283.2833	526	522	552	553	104.9430	105.9387	-0.9957	93	92	197	190	0.3286	0.6817	-14.2821	-0.1857	-0.3484
130	Allen, Malik	DEN	11.0667	23	22	26	27	113.0435	122.7273	-9.6838	6	6	6	7	0.4615	0.5000	276.9333	558	554	630	636	112.9032	114.8014	-1.8982	99	93	180	181	0.3536	0.6593	-7.7856	0.1079	-0.1593
132	Okur, Mehmet	UTA	11.0000	23	22	32	31	139.1304	140.9091	-1.7787	2	1	6	7	0.2222	0.8571	469.0000	921	927	1039	1062	112.8122	114.5631	-1.7509	176	175	299	311	0.3614	0.6308	-0.0278	-0.1392	0.2263
136	Kirilenko, Andrei	UTA	29.5000	52	58	58	71	111.5385	122.4138	-10.8753	16	12	17	20	0.4444	0.5862	450.5000	892	891	1013	1022	113.5650	114.7026	-1.1376	162	164	288	298	0.3522	0.6372	-9.7377	0.0922	-0.0510
137	Collins, Jarron	PHX	115.3000	210	213	213	237	101.4286	111.2676	-9.8390	32	24	77	75	0.2991	0.7624	649.2667	1230	1237	1490	1391	121.1382	112.4495	8.6887	238	241	430	409	0.3679	0.6408	-18.5277	-0.0688	0.1216
139	Williams, Deron	UTA	398.0333	795	795	898	930	112.9560	116.9811	-4.0252	142	149	248	270	0.3447	0.6247	81.9667	149	154	173	163	116.1074	105.8442	10.2632	36	27	57	48	0.4286	0.6786	-14.2884	-0.0839	-0.0539
140	Brown, Devin	CHI	2.2500	5	5	5	2	100.0000	40.0000	60.0000	1	0	3	3	0.2500	1.0000	237.7500	461	460	480	529	104.1215	115.0000	-10.8785	83	66	162	177	0.3192	0.7105	70.8785	-0.0692	0.2895
143	O'Neal, Jermaine	MIA	116.6167	213	212	187	216	87.7934	101.8868	-14.0934	40	27	69	85	0.3200	0.7188	123.3833	239	240	251	263	105.0209	109.5833	-4.5624	33	39	84	80	0.2920	0.6829	-9.5310	0.0280	0.0359
145	Artest, Ron	LAL	835.4667	1568	1568	1809	1714	115.3699	109.3112	6.0587	310	306	566	528	0.3699	0.6491	265.1000	496	489	504	512	101.6129	104.7035	-3.0906	103	90	181	180	0.3640	0.6679	9.1493	0.0059	-0.0188
147	Jackson, Stephen	CHA	155.9333	280	274	268	312	95.7143	113.8686	-18.1543	52	54	101	96	0.3514	0.6516	36.0667	61	67	74	67	121.3115	100.0000	21.3115	11	10	23	23	0.3235	0.6970	-39.4658	0.0279	-0.0454
148	Stevenson, DeShawn	DAL	6.2667	12	12	5	9	41.6667	75.0000	-33.3333	1	4	3	9	0.1000	0.4286	281.7333	522	519	552	551	105.7471	106.1657	-0.4186	93	92	196	187	0.3321	0.6806	-32.9147	-0.2321	-0.2520
149	Howard, Dwight	ORL	497.0500	892	890	992	912	111.2108	102.4719	8.7389	168	154	337	300	0.3590	0.6864	179.9500	328	327	360	319	109.7561	97.5535	12.2026	54	63	121	122	0.3068	0.6576	-3.4637	0.0522	0.0288
158	Nelson, Jameer	ORL	479.4833	885	871	975	877	110.1695	100.6889	9.4806	156	142	328	301	0.3414	0.6979	197.5167	335	346	377	354	112.5373	102.3121	10.2252	66	75	130	121	0.3529	0.6341	-0.7446	-0.0115	0.0638
166	Allen, Ray	BOS	924.9833	1717	1709	1828	1767	106.4648	103.3938	3.0710	302	313	624	606	0.3326	0.6660	232.0167	431	439	425	420	98.6079	95.6720	2.9359	61	76	149	159	0.2773	0.6622	0.1351	0.0553	0.0038
168	Petro, Johan	DEN	44.8667	89	89	105	102	117.9775	114.6067	3.3708	11	22	27	27	0.2895	0.5510	243.1333	492	487	551	561	111.9919	115.1951	-3.2032	94	77	159	161	0.3686	0.6737	6.5740	-0.0791	-0.1227
170	Lewis, Rashard	ORL	512.2500	929	918	1045	901	112.4865	98.1481	14.3384	160	171	351	325	0.3299	0.6724	164.7500	291	299	307	330	105.4983	110.3679	-4.8696	62	46	107	97	0.3899	0.6993	19.2080	-0.0600	-0.0269
172	Collison, Nick	OKC	128.7333	240	242	268	235	111.6667	97.1074	14.5592	44	41	92	77	0.3636	0.6917	159.2667	305	303	295	338	96.7213	111.5512	-14.8298	58	69	107	134	0.3021	0.6080	29.3890	0.0615	0.0837
173	Ridnour, Luke	MIL	121.1833	221	220	213	233	96.3801	105.9091	-9.5290	47	56	68	82	0.3643	0.5484	214.8167	381	384	417	423	109.4488	110.1563	-0.7074	70	70	140	143	0.3286	0.6667	-8.8216	0.0357	-0.1183
174	Murray, Ronald (Flip)	CHI	97.3833	181	178	207	214	114.3646	120.2247	-5.8601	45	26	61	64	0.4128	0.7011	142.6167	285	287	278	317	97.5439	110.4530	-12.9091	39	40	104	116	0.2516	0.7222	7.0490	0.1612	-0.0211
186	Bryant, Kobe	LAL	919.3500	1734	1726	1970	1873	113.6101	108.5168	5.0933	349	328	608	586	0.3733	0.6496	181.2167	330	331	343	353	103.9394	106.6465	-2.7071	64	68	139	122	0.3441	0.6715	7.8004	0.0292	-0.0219
187	Odom, Lamar	LAL	663.9333	1243	1236	1415	1328	113.8375	107.4434	6.3941	253	233	440	429	0.3710	0.6538	436.6333	821	821	898	898	109.3788	109.3788	0.0000	160	163	307	279	0.3645	0.6532	6.3941	0.0065	0.0006
193	Vujacic, Sasha	LAL	75.8667	137	142	141	135	102.9197	95.0704	7.8493	35	24	57	53	0.3977	0.7037	1024.7000	1927	1915	2172	2091	112.7141	109.1906	3.5235	378	372	690	655	0.3659	0.6497	4.3258	0.0318	0.0540
194	Bynum, Andrew	LAL	561.0500	1017	1026	1121	1129	110.2262	110.0390	0.1872	199	194	385	351	0.3618	0.6649	539.5167	1047	1031	1192	1097	113.8491	106.4016	7.4475	214	202	362	357	0.3748	0.6418	-7.2603	-0.0130	0.0231
196	Williams, Jason	ORL	192.1167	327	335	360	336	110.0917	100.2985	9.7932	63	73	128	119	0.3462	0.6368	484.8833	893	882	992	895	111.0862	101.4739	9.6123	159	144	330	303	0.3442	0.6962	0.1809	0.0020	-0.0594
197	Gasol, Pau	LAL	909.8667	1726	1715	1943	1847	112.5724	107.6968	4.8756	344	332	624	589	0.3687	0.6527	190.7000	338	342	370	379	109.4675	110.8187	-1.3513	69	64	123	119	0.3670	0.6578	6.2269	0.0017	-0.0051
201	Haslem, Udonis	MIA	141.6667	269	265	256	287	95.1673	108.3019	-13.1346	43	43	86	99	0.3028	0.6667	98.3333	183	187	182	192	99.4536	102.6738	-3.2202	30	23	67	66	0.3125	0.7444	-9.9144	-0.0097	-0.0777
203	O'Neal, Shaquille	CLE	243.2333	471	471	491	504	104.2463	107.0064	-2.7601	72	70	182	168	0.3000	0.7222	284.7667	549	554	611	584	111.2933	105.4152	5.8781	86	115	193	190	0.3116	0.6266	-8.6382	-0.0116	0.0956
204	Wade, Dwyane	MIA	209.8500	404	400	396	432	98.0198	108.0000	-9.9802	63	59	132	145	0.3029	0.6911	30.1500	48	52	42	47	87.5000	90.3846	-2.8846	10	7	21	20	0.3333	0.7500	-7.0956	-0.0304	-0.0589
214	Wright, Dorell	MIA	111.4667	205	209	198	208	96.5854	99.5215	-2.9362	38	35	81	74	0.3393	0.6983	128.5333	247	243	240	271	97.1660	111.5226	-14.3566	35	31	72	91	0.2778	0.6990	11.4204	0.0615	-0.0007
218	Warrick, Hakim	CHI	30.9333	61	59	62	67	101.6393	113.5593	-11.9200	14	9	21	25	0.3590	0.7000	209.0667	405	406	423	464	104.4444	114.2857	-9.8413	70	57	144	155	0.3111	0.7164	-2.0787	0.0479	-0.0164
220	Krstic, Nenad	OKC	129.2167	247	244	231	272	93.5223	111.4754	-17.9531	49	52	85	111	0.3063	0.6204	158.7833	298	301	332	301	111.4094	100.0000	11.4094	53	58	114	100	0.3464	0.6628	-29.3625	-0.0401	-0.0424
221	Jefferson, Richard	SAS	333.7667	625	629	657	687	105.1200	109.2210	-4.1010	113	101	228	231	0.3285	0.6930	146.2333	286	281	304	308	106.2937	109.6085	-3.3148	46	53	100	105	0.3046	0.6536	-0.7862	0.0239	0.0394
222	Kidd, Jason	DAL	243.3000	445	446	474	466	106.5169	104.4843	2.0325	81	81	169	159	0.3375	0.6760	44.7000	89	85	83	94	93.2584	110.5882	-17.3298	13	15	30	37	0.2600	0.6667	19.3623	0.0775	0.0093
223	Collins, Jason	ATL	9.6000	19	18	17	20	89.4737	111.1111	-21.6374	5	6	7	9	0.3571	0.5385	518.4000	927	927	967	1039	104.3150	112.0820	-7.7670	189	178	319	343	0.3553	0.6419	-13.8704	0.0018	-0.1034
224	Carter, Vince	ORL	479.5333	864	864	964	866	111.5741	100.2315	11.3426	152	144	325	295	0.3400	0.6930	197.4667	356	353	388	365	108.9888	103.3994	5.5893	70	73	133	127	0.3553	0.6456	5.7533	-0.0153	0.0474
237	Richardson, Quentin	MIA	148.6500	288	288	269	322	93.4028	111.8056	-18.4028	40	35	88	110	0.2667	0.7154	91.3500	164	164	169	157	103.0488	95.7317	7.3171	33	31	65	55	0.3750	0.6771	-25.7199	-0.1083	0.0383
239	West, Delonte	CLE	268.6833	506	509	548	550	108.3004	108.0550	0.2454	80	104	177	177	0.3113	0.6299	259.3167	514	516	554	538	107.7821	104.2636	3.5185	78	81	198	181	0.3012	0.7097	-3.2731	0.0101	-0.0798
240	Pierce, Paul	BOS	929.7833	1735	1729	1839	1784	105.9942	103.1810	2.8132	294	315	623	611	0.3249	0.6642	227.2167	413	419	414	403	100.2421	96.1814	4.0607	69	74	150	154	0.3094	0.6696	-1.2475	0.0155	-0.0054
241	Barnes, Matt	ORL	325.7667	593	603	684	642	115.3457	106.4677	8.8780	99	102	213	195	0.3367	0.6762	351.2333	627	614	668	589	106.5391	95.9283	10.6107	123	115	245	227	0.3514	0.6806	-1.7327	-0.0147	-0.0044
249	Crawford, Jamal	ATL	350.7833	647	638	671	709	103.7094	111.1285	-7.4191	150	124	226	236	0.3886	0.6457	177.2167	299	307	313	350	104.6823	114.0065	-9.3242	44	60	100	116	0.2750	0.6250	1.9051	0.1136	0.0207
252	Scalabrine, Brian	BOS	0.8500	2	2	0	0	0.0000	0.0000	0.0000	0	0	1	0	NULL	1.0000	1156.1500	2146	2146	2253	2187	104.9860	101.9105	3.0755	363	389	772	765	0.3218	0.6649	-3.0755	NULL	0.3351
253	Perkins, Kendrick	BOS	574.7500	1078	1093	1164	1096	107.9777	100.2745	7.7033	179	191	405	362	0.3309	0.6795	582.2500	1070	1055	1089	1091	101.7757	103.4123	-1.6366	184	198	368	403	0.3135	0.6502	9.3399	0.0174	0.0293
254	Robinson, Nate	BOS	127.8833	224	220	235	227	104.9107	103.1818	1.7289	47	30	78	87	0.3507	0.7222	1029.1167	1924	1928	2018	1960	104.8857	101.6598	3.2259	316	359	695	678	0.3179	0.6594	-1.4970	0.0328	0.0628
258	Ilgauskas, Zydrunas	CLE	68.6000	135	134	136	140	100.7407	104.4776	-3.7369	19	19	54	49	0.2794	0.7397	459.4000	885	891	966	948	109.1525	106.3973	2.7552	139	166	321	309	0.3103	0.6591	-6.4921	-0.0309	0.0806
260	James, LeBron	CLE	459.9833	895	893	983	939	109.8324	105.1512	4.6812	141	166	328	312	0.3113	0.6640	68.0167	125	132	119	149	95.2000	112.8788	-17.6788	17	19	47	46	0.2698	0.7121	22.3600	0.0415	-0.0481
261	Hughes, Larry	CHA	57.9833	100	105	97	104	97.0000	99.0476	-2.0476	19	14	44	39	0.3276	0.7586	134.0167	241	236	245	275	101.6598	116.5254	-14.8657	44	50	80	80	0.3548	0.6154	12.8181	-0.0272	0.1432
271	Billups, Chauncey	DEN	207.2167	422	420	459	487	108.7678	115.9524	-7.1846	78	71	137	142	0.3545	0.6587	80.7833	159	156	197	176	123.8994	112.8205	11.0789	27	28	49	46	0.3699	0.6364	-18.2635	-0.0154	0.0223
274	Wallace, Rasheed	BOS	410.3500	739	740	768	769	103.9242	103.9189	0.0053	120	146	267	273	0.3053	0.6465	746.6500	1409	1408	1485	1418	105.3939	100.7102	4.6837	243	243	506	492	0.3306	0.6756	-4.6784	-0.0253	-0.0291
275	McDyess, Antonio	SAS	247.0500	452	455	490	492	108.4071	108.1319	0.2752	71	66	175	166	0.2996	0.7261	232.9500	459	455	471	503	102.6144	110.5495	-7.9351	88	88	153	170	0.3411	0.6349	8.2103	-0.0415	0.0912
276	Evans, Maurice	ATL	148.3500	277	276	256	329	92.4188	119.2029	-26.7841	66	54	84	107	0.3815	0.6087	379.6500	669	669	728	730	108.8191	109.1181	-0.2990	128	130	242	245	0.3432	0.6505	-26.4851	0.0383	-0.0418
277	Arroyo, Carlos	MIA	114.5000	209	212	194	226	92.8230	106.6038	-13.7808	32	25	69	83	0.2783	0.7340	125.5000	243	240	244	253	100.4115	105.4167	-5.0051	41	41	84	82	0.3333	0.6720	-8.7757	-0.0550	0.0620
279	Delfino, Carlos	MIL	225.5667	395	398	415	462	105.0633	116.0804	-11.0171	78	76	136	147	0.3467	0.6415	110.4333	207	206	215	194	103.8647	94.1748	9.6900	39	50	72	78	0.3333	0.5902	-20.7071	0.0134	0.0513
285	Garnett, Kevin	BOS	765.6833	1434	1425	1514	1470	105.5788	103.1579	2.4209	249	273	500	519	0.3242	0.6468	391.3167	714	723	739	717	103.5014	99.1701	4.3313	114	116	273	246	0.3167	0.7018	-1.9104	0.0075	-0.0550
297	Ratliff, Theo	CHA	47.2833	81	84	69	87	85.1852	103.5714	-18.3862	9	19	28	31	0.2250	0.5957	144.7167	260	257	273	292	105.0000	113.6187	-8.6187	54	45	96	88	0.3803	0.6809	-9.7675	-0.1553	-0.0852
298	Carter, Anthony	DEN	6.8667	11	11	14	15	127.2727	136.3636	-9.0909	2	4	1	3	0.4000	0.2000	281.1333	570	565	642	648	112.6316	114.6903	-2.0587	103	95	185	185	0.3576	0.6607	-7.0322	0.0424	-0.4607
304	Howard, Juwan	POR	86.5000	154	152	169	196	109.7403	128.9474	-19.2071	31	32	44	53	0.3690	0.5789	201.5000	370	371	389	424	105.1351	114.2857	-9.1506	72	73	126	143	0.3349	0.6332	-10.0565	0.0341	-0.0543
316	Jamison, Antawn	CLE	374.7333	731	729	813	770	111.2175	105.6241	5.5934	118	133	269	246	0.3242	0.6692	153.2667	289	296	289	318	100.0000	107.4324	-7.4324	40	52	106	112	0.2632	0.6709	13.0258	0.0610	-0.0017
317	Graham, Joey	DEN	29.4167	63	63	66	64	104.7619	101.5873	3.1746	13	15	19	23	0.3611	0.5588	258.5833	518	513	590	599	113.8996	116.7641	-2.8645	92	84	167	165	0.3580	0.6653	6.0391	0.0031	-0.1065
322	Haywood, Brendan	DAL	138.6333	257	254	295	266	114.7860	104.7244	10.0616	42	43	94	88	0.3231	0.6861	149.3667	277	277	262	294	94.5848	106.1372	-11.5523	52	53	105	108	0.3250	0.6646	21.6139	-0.0019	0.0215
323	Thomas, Etan	OKC	17.4500	32	32	33	36	103.1250	112.5000	-9.3750	2	7	15	16	0.1111	0.6818	270.5500	513	513	530	537	103.3138	104.6784	-1.3645	100	103	184	195	0.3390	0.6411	-8.0105	-0.2279	0.0407
324	Butler, Caron	DAL	202.0333	376	376	378	398	100.5319	105.8511	-5.3191	71	69	142	139	0.3381	0.6730	85.9667	158	155	179	162	113.2911	104.5161	8.7750	23	27	57	57	0.2875	0.6786	-14.0941	0.0506	-0.0056
330	Bonner, Matt	SAS	173.3500	342	338	348	375	101.7544	110.9467	-9.1924	57	66	117	129	0.3065	0.6393	306.6500	569	572	613	620	107.7329	108.3916	-0.6587	102	88	211	207	0.3301	0.7057	-8.5337	-0.0236	-0.0664
337	Johnson, Anthony	ORL	4.7500	8	8	17	12	212.5000	150.0000	62.5000	3	2	1	1	0.7500	0.3333	672.2500	1212	1209	1335	1219	110.1485	100.8271	9.3214	219	215	457	421	0.3422	0.6801	53.1786	0.4078	-0.3468
356	Webster, Martell	POR	151.8667	280	282	298	334	106.4286	118.4397	-12.0111	67	60	90	100	0.4012	0.6000	136.1333	244	241	260	286	106.5574	118.6722	-12.1148	36	45	80	96	0.2727	0.6400	0.1037	0.1285	-0.0400
362	Frye, Channing	PHX	431.1333	799	811	963	898	120.5257	110.7275	9.7982	149	160	288	276	0.3506	0.6429	333.4333	641	639	740	730	115.4446	114.2410	1.2036	121	105	219	208	0.3678	0.6759	8.5946	-0.0172	-0.0330
366	Bogans, Keith	SAS	55.0833	105	107	90	100	85.7143	93.4579	-7.7437	16	24	42	42	0.2759	0.6364	424.9167	806	803	871	895	108.0645	111.4570	-3.3925	143	130	286	294	0.3272	0.6875	-4.3512	-0.0513	-0.0511
383	Smith, Joe	ATL	23.6500	44	45	40	47	90.9091	104.4444	-13.5354	11	5	17	14	0.4400	0.7727	504.3500	902	900	944	1012	104.6563	112.4444	-7.7881	183	179	309	338	0.3512	0.6332	-5.7473	0.0888	0.1395
389	Pargo, Jannero	CHI	7.5000	15	15	13	10	86.6667	66.6667	20.0000	1	2	6	8	0.1111	0.7500	232.5000	451	450	472	521	104.6563	115.7778	-11.1215	83	64	159	172	0.3255	0.7130	31.1215	-0.2144	0.0370
426	Miles, C.J.	UTA	336.5000	659	658	723	759	109.7117	115.3495	-5.6379	116	128	212	232	0.3333	0.6235	143.5000	285	291	348	334	122.1053	114.7766	7.3286	62	48	93	86	0.4189	0.6596	-12.9665	-0.0856	-0.0361
430	Powell, Josh	LAL	39.7833	82	80	72	87	87.8049	108.7500	-20.9451	15	23	27	31	0.3261	0.5400	1060.7833	1982	1977	2241	2139	113.0676	108.1942	4.8734	398	373	720	677	0.3702	0.6587	-25.8185	-0.0441	-0.1187
439	Mbenga, DJ	LAL	12.2000	23	24	22	19	95.6522	79.1667	16.4855	5	6	10	9	0.3571	0.6250	1088.3667	2041	2033	2291	2207	112.2489	108.5588	3.6901	408	390	737	699	0.3686	0.6539	12.7954	-0.0115	-0.0289
459	Walton, Luke	LAL	96.1500	171	172	182	167	106.4327	97.0930	9.3397	39	37	66	63	0.3824	0.6408	1004.4167	1893	1885	2131	2059	112.5726	109.2308	3.3419	374	359	681	645	0.3670	0.6548	5.9978	0.0154	-0.0140
470	Diener, Travis	POR	7.3333	14	14	14	17	100.0000	121.4286	-21.4286	4	3	5	6	0.4000	0.6250	280.6667	510	509	544	603	106.6667	118.4676	-11.8009	99	102	165	190	0.3426	0.6180	-9.6277	0.0574	0.0070
477	Graham, Stephen	CHA	4.5333	9	9	7	8	77.7778	88.8889	-11.1111	2	2	3	5	0.2857	0.6000	187.4667	332	332	335	371	100.9036	111.7470	-10.8434	61	62	121	114	0.3486	0.6612	-0.2677	-0.0629	-0.0612
486	Hill, Grant	PHX	448.2333	849	851	1029	980	121.2014	115.1586	6.0428	147	150	303	274	0.3492	0.6689	316.3333	591	599	674	648	114.0440	108.1803	5.8637	123	115	204	210	0.3694	0.6395	0.1791	-0.0202	0.0294
492	Stackhouse, Jerry	MIL	144.4667	271	273	275	269	101.4760	98.5348	2.9412	45	69	95	100	0.3103	0.5793	191.5333	331	331	355	387	107.2508	116.9184	-9.6677	72	57	113	125	0.3655	0.6647	12.6089	-0.0552	-0.0854
501	Allen, Tony	BOS	391.4167	713	736	714	726	100.1403	98.6413	1.4989	115	132	253	264	0.3034	0.6571	765.5833	1435	1412	1539	1461	107.2474	103.4703	3.7771	248	257	520	501	0.3311	0.6692	-2.2782	-0.0277	-0.0121
505	Varejao, Anderson	CLE	255.2667	486	482	534	506	109.8765	104.9793	4.8973	77	102	171	174	0.3068	0.6264	272.7333	534	543	568	582	106.3670	107.1823	-0.8153	81	83	204	184	0.3057	0.7108	5.7126	0.0011	-0.0844
517	Jones, Dwayne	PHX	9.6167	22	20	18	19	81.8182	95.0000	-13.1818	6	5	9	7	0.4615	0.6429	754.9500	1418	1430	1685	1609	118.8293	112.5175	6.3119	264	260	498	477	0.3563	0.6570	-19.4937	0.1052	-0.0141
518	Boozer, Carlos	UTA	401.6167	786	786	901	934	114.6310	118.8295	-4.1985	143	147	246	264	0.3514	0.6260	78.3833	158	163	170	159	107.5949	97.5460	10.0489	35	29	59	54	0.3933	0.6705	-14.2474	-0.0419	-0.0445
537	Stoudemire, Amare	PHX	580.6333	1097	1096	1313	1267	119.6901	115.6022	4.0879	185	205	380	357	0.3413	0.6496	183.9333	343	354	390	361	113.7026	101.9774	11.7252	85	60	127	127	0.4009	0.6791	-7.6373	-0.0596	-0.0295
551	Williams, Shelden	BOS	57.0667	111	106	97	91	87.3874	85.8491	1.5383	17	15	46	48	0.2615	0.7541	1099.9333	2037	2042	2156	2096	105.8419	102.6445	3.1975	346	374	727	717	0.3255	0.6603	-1.6592	-0.0640	0.0938
552	Powe, Leon	CLE	8.7000	17	17	12	22	70.5882	129.4118	-58.8235	4	3	5	7	0.3636	0.6250	519.3000	1003	1008	1090	1066	108.6740	105.7540	2.9200	154	182	370	351	0.3050	0.6703	-61.7435	0.0586	-0.0453
553	Rondo, Rajon	BOS	974.8167	1834	1826	1930	1851	105.2345	101.3691	3.8653	312	341	660	643	0.3267	0.6593	182.1833	314	322	323	336	102.8662	104.3478	-1.4816	51	48	113	122	0.2948	0.7019	5.3469	0.0319	-0.0426
555	Morrison, Adam	LAL	13.0500	25	24	23	24	92.0000	100.0000	-8.0000	6	1	14	12	0.3333	0.9333	1087.5167	2039	2033	2290	2202	112.3100	108.3128	3.9971	407	395	733	696	0.3690	0.6498	-11.9971	-0.0357	0.2835
558	Sefolosha, Thabo	OKC	126.9833	241	242	228	252	94.6058	104.1322	-9.5264	46	55	82	103	0.3087	0.5985	161.0167	304	303	335	321	110.1974	105.9406	4.2568	56	55	117	108	0.3415	0.6802	-13.7832	-0.0328	-0.0817
559	Thomas, Tyrus	CHA	67.6667	116	122	126	128	108.6207	104.9180	3.7027	25	21	44	38	0.3968	0.6769	124.3333	225	219	216	251	96.0000	114.6119	-18.6119	38	43	80	81	0.3193	0.6504	22.3146	0.0775	0.0265
560	Brown, Shannon	LAL	324.1333	614	607	645	678	105.0489	111.6969	-6.6480	120	112	218	210	0.3636	0.6606	776.4333	1450	1450	1668	1548	115.0345	106.7586	8.2759	293	284	529	498	0.3704	0.6507	-14.9239	-0.0068	0.0099
561	Gibson, Daniel	CLE	22.7333	42	43	36	54	85.7143	125.5814	-39.8671	7	8	13	17	0.2917	0.6190	505.2667	978	982	1066	1034	108.9980	105.2953	3.7026	151	177	362	341	0.3069	0.6716	-43.5697	-0.0152	-0.0526
563	Barea, Jose	DAL	104.5333	200	198	207	212	103.5000	107.0707	-3.5707	32	33	71	71	0.3107	0.6827	183.4667	334	333	350	348	104.7904	104.5045	0.2859	62	63	128	125	0.3316	0.6702	-3.8566	-0.0209	0.0125
575	Farmar, Jordan	LAL	300.8333	559	549	587	569	105.0089	103.6430	1.3660	111	112	205	202	0.3546	0.6467	799.7333	1505	1508	1726	1657	114.6844	109.8806	4.8037	302	284	542	506	0.3738	0.6562	-3.4377	-0.0192	-0.0095
599	Redick, J.J.	ORL	268.8667	487	474	519	466	106.5708	98.3122	8.2586	94	96	181	170	0.3561	0.6534	408.1333	733	743	833	765	113.6426	102.9610	10.6816	128	121	277	252	0.3368	0.6960	-2.4230	0.0193	-0.0426
606	Roy, Brandon	POR	82.9167	151	149	140	175	92.7152	117.4497	-24.7344	26	29	44	66	0.2826	0.6027	205.0833	373	374	418	445	112.0643	118.9840	-6.9196	77	76	126	130	0.3720	0.6238	-17.8148	-0.0894	-0.0211
607	Aldridge, LaMarcus	POR	228.9333	404	404	432	471	106.9307	116.5842	-9.6535	84	74	137	154	0.3529	0.6493	59.0667	120	119	126	149	105.0000	125.2101	-20.2101	19	31	33	42	0.3115	0.5156	10.5566	0.0414	0.1337
614	Parker, Anthony	CLE	330.8667	651	654	696	699	106.9124	106.8807	0.0317	98	110	238	228	0.3006	0.6839	197.1333	369	371	406	389	110.0271	104.8518	5.1753	60	75	137	130	0.3158	0.6462	-5.1436	-0.0152	0.0377
622	Mason, Roger	SAS	60.9000	124	122	116	126	93.5484	103.2787	-9.7303	16	19	47	50	0.2424	0.7121	419.1000	787	788	845	869	107.3698	110.2792	-2.9094	143	135	281	286	0.3333	0.6755	-6.8209	-0.0909	0.0366
629	Millsap, Paul	UTA	323.3833	634	640	724	752	114.1956	117.5000	-3.3044	120	126	199	219	0.3540	0.6123	156.6167	310	309	347	341	111.9355	110.3560	1.5795	58	50	106	99	0.3694	0.6795	-4.8839	-0.0154	-0.0672
653	Amundson, Louis	PHX	193.5333	359	368	394	388	109.7493	105.4348	4.3145	91	72	130	132	0.4081	0.6436	571.0333	1081	1082	1309	1240	121.0916	114.6026	6.4890	179	193	377	352	0.3371	0.6614	-2.1745	0.0710	-0.0178
655	Morris, Randolph	ATL	10.0167	18	19	26	17	144.4444	89.4737	54.9708	6	7	10	5	0.5455	0.5882	517.9833	928	926	958	1042	103.2328	112.5270	-9.2942	188	177	316	347	0.3514	0.6410	64.2650	0.1941	-0.0528
660	Mahinmi, Ian	SAS	18.5833	38	39	28	33	73.6842	84.6154	-10.9312	7	5	17	17	0.2917	0.7727	461.4167	873	871	933	962	106.8729	110.4478	-3.5749	152	149	311	319	0.3227	0.6761	-7.3563	-0.0310	0.0966
669	Fesenko, Kyrylo	UTA	180.9833	355	358	395	379	111.2676	105.8659	5.4017	70	59	125	115	0.3784	0.6793	299.0167	589	591	676	714	114.7708	120.8122	-6.0414	108	117	180	203	0.3473	0.6061	11.4431	0.0311	0.0732
675	Davis, Glen	BOS	482.6000	876	888	908	909	103.6530	102.3649	1.2881	143	145	313	308	0.3171	0.6834	674.4000	1272	1260	1345	1278	105.7390	101.4286	4.3104	220	244	460	457	0.3250	0.6534	-3.0223	-0.0079	0.0300
682	Moon, Jamario	CLE	113.1000	208	222	225	235	108.1731	105.8559	2.3172	36	38	79	79	0.3130	0.6752	414.9000	812	803	877	853	108.0049	106.2267	1.7783	122	147	296	279	0.3042	0.6682	0.5389	0.0088	0.0070
686	Noah, Joakim	CHI	188.1833	369	369	390	423	105.6911	114.6341	-8.9431	72	50	128	140	0.3396	0.7191	51.8167	97	96	95	108	97.9381	112.5000	-14.5619	12	16	37	40	0.2308	0.6981	5.6188	0.1088	0.0210
689	Afflalo, Arron	DEN	120.3000	244	245	286	291	117.2131	118.7755	-1.5624	30	32	74	76	0.2830	0.6981	167.7000	337	331	370	372	109.7923	112.3867	-2.5944	75	67	112	112	0.4011	0.6257	1.0320	-0.1181	0.0724
695	Horford, Al	ATL	388.3667	687	678	738	739	107.4236	108.9971	-1.5735	135	127	248	264	0.3383	0.6613	139.6333	259	267	246	320	94.9807	119.8502	-24.8695	59	57	78	88	0.4014	0.5778	23.2960	-0.0631	0.0835
697	West, Mario	ATL	20.3500	41	44	49	54	119.5122	122.7273	-3.2151	6	8	12	9	0.4000	0.6000	507.6500	905	901	935	1005	103.3149	111.5427	-8.2278	188	176	314	343	0.3540	0.6408	5.0127	0.0460	-0.0408
699	Dudley, Jared	PHX	376.7667	708	717	862	771	121.7514	107.5314	14.2200	142	129	248	235	0.3767	0.6578	387.8000	732	733	841	857	114.8907	116.9168	-2.0261	128	136	259	249	0.3395	0.6557	16.2461	0.0372	0.0021
700	Anthony, Joel	MIA	78.5833	147	148	173	167	117.6871	112.8378	4.8492	23	25	51	40	0.3651	0.6711	161.4167	305	304	265	312	86.8852	102.6316	-15.7463	50	41	102	125	0.2857	0.7133	20.5955	0.0794	-0.0422
702	Gortat, Marcin	ORL	212.2333	386	384	425	386	110.1036	100.5208	9.5828	66	68	140	137	0.3251	0.6731	464.7667	834	833	927	845	111.1511	101.4406	9.7105	156	149	318	285	0.3537	0.6809	-0.1277	-0.0286	-0.0078
713	Richard, Chris	CHI	5.0333	11	10	12	8	109.0909	80.0000	29.0909	1	1	5	6	0.1429	0.8333	234.9667	455	455	473	523	103.9560	114.9451	-10.9890	83	65	160	174	0.3230	0.7111	40.0799	-0.1801	0.1222
714	Durant, Kevin	OKC	231.1667	446	444	464	464	104.0359	104.5045	-0.4686	89	87	159	169	0.3450	0.6463	56.8333	99	101	99	109	100.0000	107.9208	-7.9208	13	23	40	42	0.2364	0.6349	7.4522	0.1086	0.0114
715	Green, Jeff	OKC	223.6167	421	420	421	452	100.0000	107.6190	-7.6190	84	87	147	169	0.3320	0.6282	64.3833	124	125	142	121	114.5161	96.8000	17.7161	18	23	52	42	0.3000	0.6933	-25.3351	0.0320	-0.0651
734	Fernandez, Rudy	POR	119.1167	218	215	236	267	108.2569	124.1860	-15.9292	39	42	68	78	0.3333	0.6182	168.8833	306	308	322	353	105.2288	114.6104	-9.3816	64	63	102	118	0.3516	0.6182	-6.5476	-0.0183	0.0000
735	Bayless, Jerryd	POR	165.8000	302	305	314	349	103.9735	114.4262	-10.4527	59	69	103	115	0.3391	0.5988	122.2000	222	218	244	271	109.9099	124.3119	-14.4020	44	36	67	81	0.3520	0.6505	3.9493	-0.0129	-0.0517
736	Batum, Nicolas	POR	138.7000	250	250	279	293	111.6000	117.2000	-5.6000	45	49	87	95	0.3214	0.6397	149.3000	274	273	279	327	101.8248	119.7802	-17.9554	58	56	83	101	0.3648	0.5971	12.3554	-0.0434	0.0426
748	Koufos, Kosta	UTA	30.6500	61	62	63	55	103.2787	88.7097	14.5690	14	11	27	22	0.3889	0.7105	449.3500	883	887	1008	1038	114.1563	117.0237	-2.8674	164	165	278	296	0.3565	0.6275	17.4364	0.0324	0.0830
754	Augustin, D.J.	CHA	72.7000	124	122	126	116	101.6129	95.0820	6.5309	27	20	50	43	0.3857	0.7143	119.3000	217	219	216	263	99.5392	120.0913	-20.5522	36	44	74	76	0.3214	0.6271	27.0831	0.0643	0.0872
755	Rose, Derrick	CHI	212.4667	416	416	435	489	104.5673	117.5481	-12.9808	76	57	144	158	0.3248	0.7164	27.5333	50	49	50	42	100.0000	85.7143	14.2857	8	9	21	22	0.2667	0.7000	-27.2665	0.0581	0.0164
756	Hickson, J.J.	CLE	79.0333	150	159	147	174	98.0000	109.4340	-11.4340	19	27	49	55	0.2568	0.6447	448.9667	870	866	955	914	109.7701	105.5427	4.2274	139	158	326	303	0.3145	0.6736	-15.6614	-0.0577	-0.0289
758	Williams, Jawad	CLE	4.1333	8	8	2	5	25.0000	62.5000	-37.5000	1	1	4	5	0.1667	0.8000	523.8667	1012	1017	1100	1083	108.6957	106.4897	2.2060	157	184	371	353	0.3078	0.6685	-39.7060	-0.1411	0.1315
772	Beasley, Michael	MIA	135.0333	256	257	245	267	95.7031	103.8911	-8.1879	40	32	91	96	0.2941	0.7398	104.9667	196	195	193	212	98.4694	108.7179	-10.2486	33	34	62	69	0.3235	0.6458	2.0607	-0.0294	0.0940
773	Chalmers, Mario	MIA	130.5167	245	244	237	246	96.7347	100.8197	-4.0850	42	40	88	87	0.3256	0.6875	109.4833	207	208	201	233	97.1014	112.0192	-14.9178	31	26	65	78	0.2844	0.7143	10.8328	0.0412	-0.0268
777	Mbah a Moute, Luc	MIL	178.4000	308	310	318	332	103.2468	107.0968	-3.8500	61	62	111	116	0.3446	0.6416	157.6000	294	294	312	324	106.1224	110.2041	-4.0816	56	64	97	109	0.3394	0.6025	0.2316	0.0052	0.0391
779	Anderson, Ryan	ORL	88.9167	156	163	151	178	96.7949	109.2025	-12.4076	37	30	63	56	0.3978	0.6774	588.0833	1064	1054	1201	1053	112.8759	99.9051	12.9708	185	187	395	366	0.3358	0.6787	-25.3784	0.0620	-0.0013
785	Weaver, Kyle	OKC	12.0000	22	22	27	23	122.7273	104.5455	18.1818	2	3	12	9	0.1818	0.8000	276.0000	523	523	536	550	102.4857	105.1625	-2.6769	100	107	187	202	0.3311	0.6361	20.8587	-0.1493	0.1639
786	Westbrook, Russell	OKC	212.3333	401	402	419	431	104.4888	107.2139	-2.7252	81	79	145	153	0.3462	0.6473	75.6667	144	143	144	142	100.0000	99.3007	0.6993	21	31	54	58	0.2658	0.6353	-3.4245	0.0804	0.0120
790	Dragic, Goran	PHX	236.8667	429	439	489	480	113.9860	109.3394	4.6466	98	85	144	156	0.3858	0.6288	527.7000	1011	1011	1214	1148	120.0791	113.5509	6.5282	172	180	363	328	0.3440	0.6685	-1.8816	0.0418	-0.0397
791	Lopez, Robin	PHX	103.5500	199	200	244	246	122.6131	123.0000	-0.3869	42	36	59	65	0.3925	0.6211	661.0167	1241	1250	1459	1382	117.5665	110.5600	7.0065	228	229	448	419	0.3524	0.6617	-7.3934	0.0401	-0.0406
793	Hill, George	SAS	344.4167	655	653	683	730	104.2748	111.7917	-7.5169	116	107	222	243	0.3231	0.6748	135.5833	256	257	278	265	108.5938	103.1128	5.4809	43	47	106	93	0.3162	0.6928	-12.9978	0.0069	-0.0180
806	Teague, Jeff	ATL	58.4833	108	110	108	140	100.0000	127.2727	-27.2727	18	28	27	43	0.2951	0.4909	469.5167	838	835	876	919	104.5346	110.0599	-5.5253	176	156	299	309	0.3629	0.6571	-21.7474	-0.0678	-0.1662
808	Brown, Derrick	CHA	0.9000	2	2	2	3	100.0000	150.0000	-50.0000	0	0	1	1	0.0000	1.0000	191.1000	339	339	340	376	100.2950	110.9145	-10.6195	63	64	123	118	0.3481	0.6578	-39.3805	-0.3481	0.3422
811	Gibson, Taj	CHI	144.6167	276	279	277	293	100.3623	105.0179	-4.6556	48	42	105	106	0.3117	0.7143	95.3833	190	186	208	238	109.4737	127.9570	-18.4833	36	24	60	74	0.3273	0.7143	13.8277	-0.0156	0.0000
812	Johnson, James	CHI	19.9000	39	37	35	41	89.7436	110.8108	-21.0672	7	5	13	20	0.2593	0.7222	220.1000	427	428	450	490	105.3864	114.4860	-9.0996	77	61	152	160	0.3249	0.7136	-11.9676	-0.0656	0.0086
814	Beaubois, Rodrigue	DAL	30.9333	60	59	70	60	116.6667	101.6949	14.9718	13	13	25	19	0.4063	0.6579	257.0667	474	472	487	500	102.7426	105.9322	-3.1896	81	83	174	177	0.3140	0.6770	18.1614	0.0923	-0.0191
816	Lawson, Ty	DEN	117.7667	235	227	280	258	119.1489	113.6564	5.4925	49	43	75	73	0.4016	0.6356	170.2333	346	349	376	405	108.6705	116.0458	-7.3753	56	56	111	115	0.3275	0.6647	12.8678	0.0741	-0.0291
835	Ilyasova, Ersan	MIL	156.4833	289	291	297	321	102.7682	110.3093	-7.5411	57	63	98	112	0.3373	0.6087	179.5167	313	313	333	335	106.3898	107.0288	-0.6390	60	63	110	113	0.3468	0.6358	-6.9021	-0.0095	-0.0271
836	Jennings, Brandon	MIL	249.3500	440	440	474	488	107.7273	110.9091	-3.1818	89	84	153	167	0.3477	0.6456	86.6500	162	164	156	168	96.2963	102.4390	-6.1427	28	42	55	58	0.3256	0.5670	2.9609	0.0221	0.0786
846	Harden, James	OKC	120.0333	224	225	251	247	112.0536	109.7778	2.2758	38	42	87	79	0.3248	0.6744	167.9667	321	320	312	326	97.1963	101.8750	-4.6787	64	68	112	132	0.3265	0.6222	6.9545	-0.0017	0.0522
847	Ibaka, Serge	OKC	152.6167	288	290	320	289	111.1111	99.6552	11.4559	54	58	111	97	0.3576	0.6568	135.3833	257	255	243	284	94.5525	111.3725	-16.8200	48	52	88	114	0.2963	0.6286	28.2759	0.0613	0.0282
848	Mullens, Byron	OKC	4.2333	8	8	3	7	37.5000	87.5000	-50.0000	0	3	3	6	0.0000	0.5000	283.7667	537	537	560	566	104.2831	105.4004	-1.1173	102	107	196	205	0.3322	0.6469	-48.8827	-0.3322	-0.1469
850	Clark, Earl	PHX	12.7333	28	25	20	22	71.4286	88.0000	-16.5714	8	5	12	9	0.4706	0.7059	751.8333	1412	1425	1683	1606	119.1926	112.7018	6.4909	262	260	495	475	0.3555	0.6556	-23.0623	0.1151	0.0503
852	Cunningham, Dante	POR	42.0167	87	85	84	98	96.5517	115.2941	-18.7424	17	17	29	31	0.3542	0.6304	245.9833	437	438	474	522	108.4668	119.1781	-10.7113	86	88	141	165	0.3426	0.6157	-8.0311	0.0116	0.0147
853	Mills, Patrick	POR	12.3667	24	26	28	27	116.6667	103.8462	12.8205	8	6	8	8	0.5000	0.5714	275.6333	500	497	530	593	106.0000	119.3159	-13.3159	95	99	162	188	0.3357	0.6207	26.1364	0.1643	-0.0493
854	Pendergraph, Jeff	POR	16.5667	32	34	35	33	109.3750	97.0588	12.3162	6	9	11	13	0.3158	0.5500	271.4333	492	489	523	587	106.3008	120.0409	-13.7401	97	96	159	183	0.3464	0.6235	26.0563	-0.0306	-0.0735
858	Blair, DeJuan	SAS	91.2500	178	178	169	191	94.9438	107.3034	-12.3596	44	35	56	66	0.4000	0.6154	388.7500	733	732	792	804	108.0491	109.8361	-1.7870	115	119	272	270	0.2987	0.6957	-10.5726	0.1013	-0.0803
861	Matthews, Wes	UTA	371.4000	738	735	846	853	114.6341	116.0544	-1.4203	141	139	237	244	0.3662	0.6303	108.6000	206	214	225	240	109.2233	112.1495	-2.9262	37	37	68	74	0.3333	0.6476	1.5059	0.0329	-0.0173
862	Maynor, Eric	OKC	76.1667	145	144	144	144	99.3103	100.0000	-0.6897	21	32	54	59	0.2625	0.6279	211.8333	400	401	419	429	104.7500	106.9825	-2.2325	81	78	145	152	0.3476	0.6502	1.5428	-0.0851	-0.0223
865	Gaines, Sundiata	UTA	7.3500	15	15	17	10	113.3333	66.6667	46.6667	7	1	8	5	0.5833	0.8889	472.6500	929	934	1054	1083	113.4553	115.9529	-2.4976	171	175	297	313	0.3533	0.6292	49.1643	0.2300	0.2597
868	Temple, Garrett	SAS	15.3167	33	33	24	27	72.7273	81.8182	-9.0909	6	4	15	12	0.3333	0.7895	464.6833	878	877	937	968	106.7198	110.3763	-3.6565	153	150	313	324	0.3208	0.6760	-5.4344	0.0125	0.1135
871	Jeffers, Othyus	UTA	9.8500	20	21	27	19	135.0000	90.4762	44.5238	11	2	8	5	0.6875	0.8000	470.1500	924	928	1044	1074	112.9870	115.7328	-2.7457	167	174	297	313	0.3479	0.6306	47.2695	0.3396	0.1694
