6.85479223573334
-2.82349085698044
1.8156420566867
3.1643130248052
2.021341615705
-0.53062258045742
7.55760998719469
-0.473295192065488
10.0921185693852
-0.313570495262105
6.52434827111743
11.4332269635055
-6.9443035055617
-1.39394383408686
-0.66660668196829
3.17975199035037
-1.42126460708036
-13.2822771045239
-12.2023346428776
6.60056672865096
-1.53319297039237
-8.9065421699
-0.859586778798107
6.07337349586299
9.47596730632483
-2.152345658031
-1.28634691384465
-8.8158154259739
2.30048677415636
-3.1999743798006
2.2772506162061
3.5241866861441
5.17551760984961
-3.04463187703606
2.52477561648985
-8.58504339536671
-3.92229504189748
-4.25453797088259
-12.0710382497332
0.180613034461278
1.02999300100127
-1.80528649274333
3.79081617849758
-3.63352413538288
-6.84140522209647
2.16409012944359
-4.05696588093336
7.22050630860626
-2.15723101306673
3.27823941701103
1.60962632601973
-3.91919470440188
7.87863759895989
3.21449652858658
0.448803232998028
1.38275373645732
3.39644408027635
0.449164432895409
-14.9654504157647
1.4244147676533
-1.83617321370488
0.926152824328047
2.90911863682753
6.99868413646339
-3.63646029737233
6.51271316022072
1.67924059876037
5.19253049348811
4.60364284145323
3.60439081433431
-5.21559469283928
-0.450931933053533
3.11759080999772
-4.76761678886172
-2.71414407286928
2.90498248840841
3.84089368917296
2.31883794270084
-4.4288814870484
-5.49890449323928
7.56353504902464
1.28960718766015
0.442201145797932
-0.604482687695447
-5.97164447580264
3.05998449020193
-1.0856992287326
-0.913783531659609
4.6667316428558
4.10886555254125
6.96058187967135
-2.38086961527337
3.25174280363153
6.95555228195
-5.55394439723949
-4.30396293438921
-5.65869340426885
-7.29606999751198
0.399912766205806
3.26602169824595
6.00482687799247
5.22375543583863
-5.01604323419924
9.24240950836373
-3.33386704378909
0.527569062280347
-2.11127940934428
-0.611750859774857
0.940965172507489
0.595804789985032
-0.125462754337014
0.540363639710163
-2.42717617923334
-2.52108565343952
-8.30549539957406
-1.91166863436909
-2.563251289389
13.509455001724
-6.81058115594859
0.686281092793035
-7.46812533658145
-7.35217870718398
0.623511930985034
-4.98319567442019
-0.00911307152354098
-2.14129440712908
-3.06835803224748
-10.1233892270955
-6.12373975179993
0.89758220558969
2.83810297211768
-2.46438676776737
0.00031442032675562
5.61444821689983
7.19927871488095
-5.48556884202911
-0.586597801250884
6.00749200459851
-2.3486479028315
-0.262347424694982
-0.430536491185448
-4.43839508953216
-2.22342002442369
-0.147224395441191
-2.06934424528962
5.56693011684102
-2.40496420826991
-2.16584516300365
3.48431288276051
-5.28184206585454
-0.203492375756075
-7.75772411173795
5.83584774617841
-1.3682285068704
-2.33922662336127
-6.19126163993107
-0.0388101688866331
-4.0014108897583
-2.66746164975218
6.43837622792294
-0.877629351210637
-5.35891192075338
0.816034412336912
-1.81369207813975
2.95006773993669
7.16210963865495
-4.96346255554746
2.27325148790141
0.424490293392436
4.47782791132272
-1.14889069473133
4.18309534230307
-8.72527930668347
8.44729460656687
4.32388989259289
-0.753879944428739
-7.24503565069584
3.21504350020991
2.41596931907384
-0.0317781321069436
0.757279464312122
-2.92054485174902
1.84403366315121
1.47327169859758
-1.39629686671288
-6.68118327446577
3.50374409220017
2.77098311137017
-4.18153296400708
-7.97294081003121
1.02479290293817
-1.72543988986445
1.26305851682227
-6.47001232742277
-4.79585222190182
5.4288742683995
2.01887452357857
2.93243768359649
9.07614223076976
0.644107143011916
-10.0046461886576
1.66888598716785
5.85662563679397
10.2976962114965
-6.88430799120261
-5.75427782813553
-3.52910697380061
-5.27027891038596
-3.22871861571246
-0.926889838382517
-6.00611025369993
10.1848608349158
0.538873724427734
-0.420540502527903
2.47809820802297
0.187075930589827
-0.660440184779549
7.38393711776048
-1.08515105046052
-6.41801102046113
1.92833945221701
-1.75756436764546
-2.60898046678135
-5.34065600343585
2.14182951633346
-0.870091172134975
2.57833864324015
-1.17182638652961
-3.29251712910885
6.25118302039358
-1.35881857555698
4.73975997937598
-6.00791215054469
-2.33058048187751
-1.3467569757659
-1.9548270406543
6.74353505995857
-0.113823506492063
1.22112925551725
-4.71185853931961
-3.64608638254787
4.99034454277424
6.2924083229778
6.24431844405048
-6.90318524762665
10.249803468182
5.08436414899771
-0.13358732069129
3.5180388939913
-4.85692614575932
-5.48078120779429
0.245252254687985
-5.9924792827889
0.95009499279874
6.48852949802333
-5.16936861482375
-3.69220377106532
0.232819697254317
-5.08798059913053
-1.91641979943139
4.36377705835699
4.84772506985059
1.91923332513547
-9.25777831533732
-0.269983684130828
5.32386607169142
4.06597518705802
-0.954082370521408
-13.4996490428185
0.304833194005583
2.86875848741789
0.229017898625494
0.787062700879377
2.15782686434385
-1.98274868025106
6.54989112875775
2.35196699936972
-6.21335135287301
6.90787728192767
6.02229468504912
4.12036981840941
-8.31314701092797
-2.8465317180274
3.17756908644763
0.21861003788929
1.74006151830654
12.2979677443521
-4.09190162199835
-10.5660005746457
1.36847636215207
-3.43798420621706
2.23020526480933
-4.06192361895299
11.0602774016757
-0.618529857887149
-2.38667753015026
-0.831307457433041
4.31281691813215
0.486702426014095
-8.12808369605644
-0.023103839132289
3.80121083831027
0.194954564362813
3.6753607080722
-0.732363134994349
-0.289436676906413
2.41184733052266
4.96471818387867
-6.23197749016021
-0.167437624228048
-0.354810906249982
-3.79460326865475
-5.17179680469576
-3.1536597698541
2.93403860006498
-2.08161328091826
-3.9244390475266
0.817081597430486
-6.18357117554675
5.22936888118336
-2.42297708109355
0.945644058403327
0.255031657874866
-0.00120334443220988
9.04691021221433
-4.12663978554972
5.72735226113993
0.157865937766215
-4.1760290265336
-0.343818245082563
3.73385843506233
-2.12759367197302
-3.86041117596728
0.763820533739474
4.942984225894
-0.36729167336087
-6.93513276779871
-6.53337952187681
-3.84197662538969
-2.63554062687229
-0.107135325208123
3.35249035498141
-2.17308519286203
-5.56939891656423
3.0355299743925
1.37728484369796
5.78673534707368
-8.41240429739128
0.436595444474372
6.76680946971334
3.62086900341685
-4.16276412882106
3.66264243384207
-4.35963434998606
-2.26698755614896
5.93767139314539
-1.4507265589504
4.14273072482718
-1.45613854389584
-7.88181202373953
-4.24407848474461
-5.44259930978598
-2.42145285558587
-1.68155604504786
-0.766789453308219
-1.21623614287423
9.46101020800056
-6.9299916864271
-2.0741215035389
1.74540764053416
8.14221132907703
0.442609478568082
6.19575354200282
-8.22277767876853
7.2317826268924
-3.45280085832591
-1.38215542726926
-5.54709379949719
0.669346582147259
8.92669525865776
12.110816776258
-5.38414451059206
2.4297055520155
6.94260869372146
-0.978284086422719
-1.09087398853105
-1.52388977273223
2.98916362055722
6.9871470540788
3.43809880619982
1.60094007148484
-1.5093496288863
2.49174342778975
-2.74768458958378
-1.39628251818621
5.48256721555866
2.21006544089406
1.20508147013056
-1.27803827677759
4.65516450742441
6.67456292687736
-4.34635881937721
0.277434773325513
0.245334565959596
-2.89177864180448
-4.99369327998002
-0.0121639000330082
3.27755941406484
7.38421139488276
-9.54576394139607
-3.51219736656205
-1.55715109005959
-8.31578515333688
-3.75266720896145
-3.88675879590754
-3.61284849929801
-10.9441729957353
1.06709275143277
-3.15961468127416
7.60245596916081
3.97977974707541
-7.267647825664
0.491977105029194
-2.96885492116577
4.44140584317257
0.265352077493333
-2.78511812922328
2.1919851808636
0.763040793212096
-0.823087908747822
10.0994531073799
-2.64692943158631
-2.35393486492021
-7.72968462008762
-0.202633616475886
4.45178152735338
-10.3569392546461
-1.25032560036509
-5.90825213326659
7.20968632508454
6.78947769439431
1.67251423670325
7.14669040200114
-4.33658925439342
4.75325862485943
-2.92505754316617
1.60478761262815
-1.49698008332454
-1.39271541646534
2.73057579164766
-6.51910576822436
-1.2545723252123
0.855036868589549
-2.01733739373754
0.523297204178635
-1.59440393367005
8.09171967941714
3.57094300744309
14.8293268491662
-3.97538802279606
4.07182957339957
10.4901540506519
1.50490027576285
-5.41537570919616
-5.03161250901642
-0.17707282458806
6.54562180426707
3.7520024332336
-10.6918416380621
-3.50177054433317
-0.0452823764649272
-7.29066743622384
3.47264823247435
-12.3066773759324
0.716448820202279
-1.95611059563528
-2.45582042807038
-1.41823726226026
1.57397402353921
1.98163288969495
-1.1280185551798
-9.6247521517028
-7.1961464916099
-7.34828886986201
3.80931723445966
-1.2180749093564
1.34838303709004
-7.79463760477908
-2.67794003348157
2.81225986586748
-0.891630617099591
-0.575679931013253
-0.360307360531833
6.05454903463152
-3.07448450399852
3.3806322915735
4.49299802768776
-5.9465895176051
0.606294249095044
-0.0561084306520574
5.1457035965688
4.57387433859807
-0.0122813333978162
0.680047762068636
-3.60076772471562
-0.99062165025608
-5.14604403024137
-4.83477947926308
-6.10406544459547
4.18103851972418
5.57485899247702
-2.06472426463545
-5.64488699003415
-0.439656658885257
11.2095184665631
10.2065658537524
-8.59900168360726
-1.78453328061194
7.66640246081147
-0.191220483051184
7.98706621163213
-1.66792696654941
3.02492961957689
1.12120619625126
16.1453474774003
4.6022628338626
-6.03269534607961
-3.01940584581634
1.85117642311031
-9.50500323339803
-9.02204972481621
-5.6091130317761
-1.7396480327957
6.1945107431599
-1.37098782426139
0.811903577790965
-0.323034548765314
-3.52618548512571
6.81098634375495
-5.48256594041658
-1.14216759273446
-1.73914040305134
2.66064309753367
8.03617281130594
2.56907263058297
6.91186580286514
3.81548524274952
-3.12292272317056
0.407719002144935
6.88039555682384
-7.80632893078521
1.6238533029735
-0.783951584761189
4.38891930367176
3.75083287590319
1.50526701921415
7.46405558614655
-7.6274690008485
4.55358779243011
-7.8976601392877
2.93858128559291
0.448211480003622
4.8363082847492
0.394061764574117
-7.84349918243045
-10.0391159200805
2.70486762119381
-0.366882990542127
-2.8550919677904
-1.5553422992682
-3.35707533550682
-0.786702260404897
-4.65652535499935
-9.91504739735066
-1.09799902124689
5.22637934731197
9.38664783149835
0.0130309797858319
-0.403349673545827
4.81491140619935
0.267855082732587
-2.17449204455019
-8.68648627671154
-6.31847799891217
2.03154256034637
-7.29826983889879
5.24228685077349
-6.73215269725102
-0.967852790567472
-0.0116797855683802
-0.0641486693359405
0.75973660992199
2.99255565700539
-0.631062186491396
-1.24267782923388
0.801636974523109
-2.16820970798635
7.68706209550135
-10.8512328830804
5.13502309645715
-1.24241466594966
2.11160192916197
4.93826646819837
4.17784086017511
-3.30260929522853
7.82034746645918
-8.11487967645773
4.31948186739494
-2.558013867181
-9.58682512722701
-9.32906924309974
1.22589531719844
11.1176715095403
1.36688032072233
5.65392397264141
4.1933468703005
-3.27307638939103
4.76980489239698
1.76475732744661
1.03299646324807
5.00556617155124
3.73725995820138
-3.13287418361569
1.97611842968357
-4.46083977022789
3.15409205045887
-2.16352591642284
2.26069322109258
1.83999522598173
-1.35193744830955
2.32756308856489
2.87178112813485
-1.15349995078705
5.86121254151226
6.96351353366561
-3.30995627854792
-3.88684603362507
2.5676928945439
-4.56656119020636
-2.2471190262515
4.01466349551809
-2.86738425490552
-9.64062583924163
3.32195416911074
-8.01270111897126
-6.77300128726925
-15.0896633970895
4.15618911115031
1.25548544423672
2.31146732970665
4.22396111611618
-0.20985762160781
-5.52787952850014
2.81887826165437
6.51682377909835
-7.50110468897329
-3.03494617559518
-1.46122532828289
-6.44841671661801
3.47052924387349
-2.9959095144856
6.28453321985818
0.267540068136815
3.64046258835926
7.80549034105304
1.32812376798595
5.38363129603634
1.05348965839623
-7.55836762911184
0.112011299568125
3.59068103021052
2.44728508921135
-0.869441729391348
-6.088497443342
3.23199184354731
-4.58228014173945
-6.25911721212783
2.97463859202751
-6.16405332594913
1.22182207453069
0.0138609267179753
-6.64104843012782
5.89848205916387
-2.96402499574464
5.99989158168336
-2.37516839806067
-2.87528548075408
-0.156130123042495
-1.79028497989228
-1.78300538823866
-4.38832191716863
-6.06448562588981
3.06643309343517
-4.03101670731239
-6.88228464954448
-2.53923949581774
-4.00467743368669
-10.9639284283503
-1.45468574633837
0.835870605802588
1.47346178242844
1.96370632710363
-5.00421856500408
-1.62863559911717
-5.04174402714421
-3.17715741016883
-6.04920343993671
-5.58231900326345
3.14940581287968
-1.36260785089313
-1.29420584189336
8.64779089945747
-0.291960827036858
-2.68531892304459
3.7364334808287
-2.43628917694866
6.86453890739752
-1.8883618032311
-3.08076307059197
-5.84062525537343
1.64320179295543
7.33255313720082
-1.78004772544456
1.30733820938716
1.66664427587866
7.11096620154771
3.31938300333086
-5.36827577847655
-3.4845088733337
-3.73065228467281
0.707864360661097
-0.0197361036532654
1.83968750545883
-3.28671457348624
-1.88173335080526
3.70680030212542
-0.498033782242351
-3.27144939303547
4.85582187030635
0.0674815578419323
-4.58267333510772
8.54844280630818
-5.84050494973328
-8.90518130076262
-11.2656622428411
3.2556298477335
-2.66416312801384
-1.37779678486142
1.44813486314523
-2.33242030895382
-8.04030087472344
-9.74891898020994
-1.7034995911549
0.8736276366566
-11.3888878038861
1.45262240473542
2.11153178736807
6.47368681603357
0.823570092869772
1.02476920400118
3.02301813362903
-0.0957038458446571
-0.398571736894043
0.579922322014023
3.72086682024194
-2.15645301763846
-2.49764475955617
-4.32581038377856
-4.78878641635937
1.63399985669319
7.73686112842588
-4.84429784432215
-0.942202131297314
-5.15000580727959
4.54043220930248
-1.58690932354064
0.89501983270211
1.74014093864589
-5.2713951063722
-0.523721440553507
-1.14171308547265
3.37677781213769
-6.16622346753155
-5.99980772211389
3.82933288308054
-2.94048930641488
-3.30147914987788
0.565067610986719
-1.60199399843019
9.33190748469394
1.29765727883899
0.80780035459035
4.65537454667677
-0.299733746298106
0.243698500387251
-5.36437700366982
-11.4648571524034
-6.03603425032171
0.570547148985956
-5.16648539552688
3.44403876171031
3.62541508837432
1.08690105469544
-1.00828365809189
-6.82844930294341
-1.5446880433858
-2.26451443268613
3.31614572259896
6.54314768374348
2.50520154947249
-5.64144267598684
8.35498652699083
5.05176516226062
1.11760607937229
-11.0324229660481
-4.77292809276579
-0.342865336051183
3.80652950782635
-5.89952099979145
16.0559947838364
-12.7691242547541
-1.17966974667033
-1.29781321630717
-3.31683458309596
-1.59495355413074
3.71197578786158
-4.37146337892886
-10.4140688315164
0.468839514051088
-0.00909906001397806
-0.0655032618578702
3.33984037279052
-0.065838514760813
3.88023515238152
-10.0536766631763
-5.64090247485901
1.7439978579286
-1.76449241048462
4.72387298958811
-5.02359926263232
3.61951366248423
-3.34416370495182
-5.565200968579
-1.71402594683472
0.248896615843698
-6.13840980762768
-3.82002955413724
-6.23091030808941
5.08386988879886
3.61806312029432
-5.16263568552557
2.78673002061379
-1.27790711549761
-5.56695878573335
2.10598719807402
-1.61475155923187
4.40089950595761
-0.974318033879507
5.94027491051889
-2.54882255883977
1.09774005436647
1.85147210682279
1.39554196865303
1.00971218656662
-0.064982712156721
-0.45432503038745
6.82515682659421
4.54065284441583
-3.04944085700953
6.98218610609726
0.723991866542229
-3.20303385797651
0.849011297792669
-0.785937437104221
0.504697972730521
-4.8669707707414
-4.09912637626599
6.81459484512713
4.80685465265639
-4.41862237200557
-4.50046057718161
8.61666566398415
9.54521081064467
-3.88570597927632
-6.51152631306554
13.1174758340934
1.14814457173404
0.933749460709427
0.380683174751403
7.02430093160666
-0.958611176681586
7.29696082078046
-1.10327725567271
2.5257294313657
-5.16748503036439
0.852367357296098
6.00334080445963
-0.817029573828681
6.41237931561319
13.6359819395563
4.70962108665462
-1.24307018639779
0.482394298532426
-2.1696547065087
10.8933393372578
-14.7938980956506
0.404441195995569
0.550689023086105
1.06724163156326
-7.78909806316161
1.08105773128879
0.938319085132201
6.293110626068
2.61758890454482
5.57727138739979
-4.78751121085235
-0.62202789927716
0.95868914524984
1.36108625301673
-3.46907231836627
7.39585960426067
-3.05883510821386
-8.07154987179675
2.01245055295335
3.32277723644742
4.72063535497468
-4.73130398854144
-1.24144224619448
-6.64218234269539
4.22381871049459
1.73848366219324
4.56881293215553
3.04137276690341
-3.03773993902244
0.898290354359221
-9.54204709708689
2.51473128844548
4.8444957673925
-4.37868562886664
-10.68012269349
-7.61413790792506
-5.56559103943035
6.20491947767948
0.0174096753149512
-6.18897292996533
2.77849559449013
-10.9157467467995
-1.23512228548624
5.56428463793223
-1.70836618504543
6.52719171070533
8.97661935720397
-5.83917613736724
-5.76143812491009
-4.57227734672825
2.64364016266815
4.17539463524291
6.04568487045765
6.49736272680408
5.37866152104947
4.69900511757149
0.81687346703383
-4.44069279320196
-3.63080491378175
2.03798502806869
8.41768169625897
8.52989911782306
-9.6308335041304
-4.16999007614232
7.09566258166595
-5.32054857509619
-8.06788736240224
2.99905544348714
8.66482352693525
9.67252281228866
2.66410287835397
3.59832878009892
2.80046692877592
-0.0904346582998352
-16.8586954127526
3.80351622379877
-1.95613426121605
5.04950611905925
-3.13486573536875
-8.17288684750932
6.22621326015242
0.906887232777018
17.476521319928
4.57795956663456
5.24253258713122
3.81912468467428
-3.016936884297
-1.85214831351388
5.29912969166823
5.27555264919694
2.9148608056016
-4.93283717769769
8.4231090587199
-6.83420522841315
-2.16607174305557
